24 276
0 1 649
0 2 590
0 3 848
0 4 824
0 5 808
0 6 1810
0 7 1700
0 8 1456
0 9 1489
0 10 1336
0 11 2059
0 12 1835
0 13 1597
0 14 1936
0 15 1674
0 16 1588
0 17 1886
0 18 1289
0 19 1009
0 20 602
0 21 1088
0 22 966
0 23 1461
1 2 453
1 3 626
1 4 599
1 5 980
1 6 2034
1 7 1955
1 8 1661
1 9 1717
1 10 1595
1 11 2275
1 12 2068
1 13 1803
1 14 2151
1 15 1890
1 16 1813
1 17 2109
1 18 1537
1 19 1269
1 20 852
1 21 1341
1 22 1226
1 23 1664
2 3 698
2 4 664
2 5 967
2 6 2003
2 7 1897
2 8 1644
2 9 1688
2 10 1539
2 11 2241
2 12 2022
2 13 1789
2 14 2123
2 15 1864
2 16 1784
2 17 2077
2 18 1483
2 19 1203
2 20 791
2 21 1282
2 22 1150
2 23 1644
3 4 282
3 5 1056
3 6 2126
3 7 2106
3 8 1738
3 9 1795
3 10 1758
3 11 2339
3 12 2142
3 13 1874
3 14 2226
3 15 1963
3 16 1892
3 17 2184
3 18 1663
3 19 1424
3 20 1051
3 21 1529
3 22 1416
3 23 1715
4 5 1046
4 6 2114
4 7 2088
4 8 1720
4 9 1782
4 10 1742
4 11 2323
4 12 2136
4 13 1860
4 14 2228
4 15 1955
4 16 1887
4 17 2176
4 18 1643
4 19 1404
4 20 1031
4 21 1508
4 22 1390
4 23 1719
5 6 1451
5 7 1456
5 8 1068
5 9 1129
5 10 1154
5 11 1674
5 12 1471
5 13 1203
5 14 1561
5 15 1295
5 16 1223
5 17 1515
5 18 1005
5 19 833
5 20 741
5 21 975
5 22 920
5 23 1065
6 7 855
6 8 829
6 9 754
6 10 1064
6 11 675
6 12 387
6 13 657
6 14 524
6 15 615
6 16 605
6 17 463
6 18 914
6 19 1206
6 20 1582
6 21 1225
6 22 1348
6 23 853
7 8 1036
7 9 929
7 10 752
7 11 1144
7 12 888
7 13 983
7 14 1005
7 15 979
7 16 870
7 17 942
7 18 817
7 19 1037
7 20 1424
7 21 954
7 22 1092
7 23 1097
8 9 549
8 10 995
8 11 1030
8 12 845
8 13 568
8 14 914
8 15 651
8 16 600
8 17 877
8 18 736
8 19 963
8 20 1264
8 21 1040
8 22 1127
8 23 475
9 10 919
9 11 993
9 12 771
9 13 567
9 14 875
9 15 618
9 16 528
9 17 821
9 18 667
9 19 932
9 20 1280
9 21 995
9 22 1089
9 23 592
10 11 1373
10 12 1100
10 13 1047
10 14 1226
10 15 1074
10 16 958
10 17 1161
10 18 621
10 19 675
10 20 1058
10 21 577
10 22 714
10 23 1056
11 12 655
11 13 823
11 14 530
11 15 813
11 16 8571
11 17 585
11 18 1203
11 19 1494
11 20 1851
11 21 1511
11 22 1631
11 23 1038
12 13 661
12 14 507
12 15 633
12 16 627
12 17 449
12 18 940
12 19 1235
12 20 1617
12 21 1256
12 22 1372
12 23 862
13 14 720
13 15 463
13 16 491
13 17 689
13 18 812
13 19 1070
13 20 1404
13 21 1130
13 22 1227
13 23 576
14 15 702
14 16 722
14 17 430
14 18 1068
14 19 1351
14 20 1727
14 21 1370
14 22 1492
14 23 934
15 16 493
15 17 660
15 18 858
15 19 1123
15 20 1472
15 21 1170
15 22 1279
15 23 663
16 17 671
16 18 739
16 19 1019
16 20 1377
16 21 1060
16 22 1162
16 23 635
17 18 1000
17 19 1297
17 20 1663
17 21 1310
17 22 1439
17 23 896
18 19 652
18 20 1044
18 21 680
18 22 795
18 23 792
19 20 744
19 21 488
19 22 506
19 23 990
20 21 809
20 22 674
20 23 1280
21 22 448
21 23 1084
22 23 1166
100
0
0
0
0
0
0
0
0
0
0
0
0
0
0
0
0
0
0
0
0
0
0
100
100
100
0
0
0
2
0
0
0
0
0
0
0
0
0
0
0
0
0
0
0
0
0
0
0
0
0
0
0
0
0
0
0
0
0
0
0
0
0
0
0
0
0
0
0
0
0
0
0
0
0
0
0
0
0
0
0
0
0
0
0
0
0
0
0
0
0
0
0
0
0
0
0
0
0
0
0
0
0
0
0
0
0
100
0
0
0
0
0
0
0
0
0
0
0
0
0
0
0
0
0
0
0
0
0
0
0
0
0
100
0
0
0
0
0
0
0
0
0
0
0
0
0
0
0
100
0
0
0
0
0
0
0
0
0
0
2
0
0
0
0
0
0
0
0
0
100
0
0
0
100
0
0
0
0
0
0
0
0
0
0
0
0
0
0
0
0
0
0
0
0
100
0
0
0
0
100
0
0
0
0
0
0
0
0
0
0
0
0
0
100
0
0
0
0
0
0
0
100
100
2
0
0
0
2
0
0
0
0
2
0
0
0
0
0
0
0
0
0
0
0
0
0
0
0
0
0
0
0
0
0
0
0
0
0
0
0
0
0
100
0
0
0
100
0
0
100
0
0
100
0
0