12 66
0 1 6490
0 2 5903
0 3 8484
0 4 14561
0 5 18359
0 6 15976
0 7 19360
0 8 18867
0 9 10090
0 10 10883
0 11 9665
1 2 4523
1 3 6256
1 4 16661
1 5 20618
1 6 18083
1 7 21561
1 8 21099
1 9 12639
1 10 13461
1 11 12236
2 3 6908
2 4 16414
2 5 20292
2 6 17829
2 7 21263
2 8 20787
2 9 12073
2 10 12802
2 11 11540
3 4 17328
3 5 21452
3 6 18714
3 7 22286
3 8 21874
3 9 14234
3 10 15259
3 11 14136
4 5 8425
4 6 5658
4 7 9194
4 8 8797
4 9 9603
4 10 10440
4 11 11237
5 6 6621
5 7 5067
5 8 4439
5 9 12385
5 10 12526
5 11 13722
6 7 7230
6 8 6899
6 9 10720
6 10 11340
6 11 12297
7 8 4300
7 9 13531
7 10 13730
7 11 14912
8 9 12967
8 10 13130
8 11 14319
9 10 4888
9 11 5076
10 11 4478
7
8
4
2
1
2
1
1
3
3
3
25
7
1
1
1
1
1
2
2
2
6
1
1
1
1
1
2
2
2
1
1
1
1
1
2
2
2
4
11
4
4
3
3
2
6
15
29
2
2
2
5
6
3
2
2
33
2
2
2
2
2
2
11
10
14