75 2775
0 1 73
0 2 17
0 3 89
0 4 20
0 5 42
0 6 10
0 7 34
0 8 82
0 9 49
0 10 33
0 11 18
0 12 35
0 13 6
0 14 78
0 15 96
0 16 67
0 17 87
0 18 36
0 19 59
0 20 40
0 21 78
0 22 6
0 23 88
0 24 57
0 25 59
0 26 26
0 27 69
0 28 24
0 29 67
0 30 32
0 31 76
0 32 39
0 33 48
0 34 65
0 35 10
0 36 41
0 37 26
0 38 43
0 39 23
0 40 74
0 41 27
0 42 92
0 43 60
0 44 32
0 45 69
0 46 8
0 47 51
0 48 55
0 49 95
0 50 9
0 51 94
0 52 72
0 53 66
0 54 82
0 55 28
0 56 25
0 57 59
0 58 48
0 59 100
0 60 25
0 61 79
0 62 28
0 63 15
0 64 78
0 65 44
0 66 25
0 67 18
0 68 69
0 69 19
0 70 92
0 71 94
0 72 46
0 73 83
0 74 53
1 2 29
1 3 51
1 4 60
1 5 31
1 6 6
1 7 6
1 8 91
1 9 51
1 10 77
1 11 57
1 12 84
1 13 56
1 14 33
1 15 43
1 16 3
1 17 32
1 18 19
1 19 33
1 20 59
1 21 86
1 22 62
1 23 2
1 24 10
1 25 32
1 26 22
1 27 28
1 28 23
1 29 15
1 30 25
1 31 58
1 32 20
1 33 6
1 34 60
1 35 31
1 36 36
1 37 17
1 38 37
1 39 27
1 40 68
1 41 13
1 42 35
1 43 51
1 44 21
1 45 67
1 46 45
1 47 23
1 48 98
1 49 16
1 50 8
1 51 9
1 52 1
1 53 21
1 54 62
1 55 10
1 56 52
1 57 84
1 58 89
1 59 27
1 60 98
1 61 66
1 62 84
1 63 69
1 64 71
1 65 95
1 66 100
1 67 6
1 68 12
1 69 36
1 70 84
1 71 79
1 72 100
1 73 18
1 74 81
2 3 20
2 4 84
2 5 78
2 6 95
2 7 34
2 8 93
2 9 54
2 10 42
2 11 45
2 12 74
2 13 3
2 14 6
2 15 26
2 16 38
2 17 46
2 18 4
2 19 36
2 20 11
2 21 39
2 22 4
2 23 81
2 24 33
2 25 55
2 26 87
2 27 44
2 28 90
2 29 22
2 30 74
2 31 42
2 32 40
2 33 7
2 34 61
2 35 75
2 36 84
2 37 7
2 38 8
2 39 28
2 40 60
2 41 1
2 42 24
2 43 86
2 44 4
2 45 29
2 46 63
2 47 41
2 48 74
2 49 66
2 50 28
2 51 85
2 52 56
2 53 84
2 54 17
2 55 88
2 56 38
2 57 55
2 58 84
2 59 80
2 60 77
2 61 57
2 62 21
2 63 16
2 64 63
2 65 33
2 66 90
2 67 98
2 68 92
2 69 50
2 70 77
2 71 3
2 72 50
2 73 100
2 74 88
3 4 53
3 5 28
3 6 50
3 7 46
3 8 54
3 9 15
3 10 25
3 11 90
3 12 70
3 13 8
3 14 6
3 15 10
3 16 98
3 17 61
3 18 93
3 19 77
3 20 37
3 21 1
3 22 49
3 23 4
3 24 16
3 25 33
3 26 93
3 27 65
3 28 76
3 29 94
3 30 42
3 31 79
3 32 44
3 33 41
3 34 66
3 35 48
3 36 69
3 37 16
3 38 93
3 39 74
3 40 82
3 41 70
3 42 63
3 43 4
3 44 29
3 45 68
3 46 13
3 47 26
3 48 28
3 49 57
3 50 54
3 51 64
3 52 9
3 53 54
3 54 19
3 55 24
3 56 39
3 57 12
3 58 41
3 59 14
3 60 5
3 61 82
3 62 92
3 63 100
3 64 22
3 65 58
3 66 48
3 67 42
3 68 25
3 69 92
3 70 15
3 71 6
3 72 61
3 73 77
3 74 61
4 5 90
4 6 97
4 7 73
4 8 67
4 9 24
4 10 81
4 11 21
4 12 40
4 13 90
4 14 74
4 15 58
4 16 65
4 17 12
4 18 21
4 19 5
4 20 78
4 21 78
4 22 86
4 23 69
4 24 77
4 25 60
4 26 78
4 27 76
4 28 1
4 29 2
4 30 68
4 31 68
4 32 60
4 33 80
4 34 96
4 35 72
4 36 21
4 37 92
4 38 45
4 39 88
4 40 68
4 41 25
4 42 8
4 43 59
4 44 66
4 45 33
4 46 16
4 47 31
4 48 97
4 49 89
4 50 35
4 51 74
4 52 18
4 53 73
4 54 42
4 55 46
4 56 32
4 57 72
4 58 22
4 59 32
4 60 25
4 61 41
4 62 51
4 63 36
4 64 20
4 65 47
4 66 8
4 67 93
4 68 38
4 69 52
4 70 80
4 71 5
4 72 28
4 73 39
4 74 63
5 6 46
5 7 71
5 8 31
5 9 76
5 10 19
5 11 19
5 12 62
5 13 92
5 14 88
5 15 34
5 16 86
5 17 33
5 18 65
5 19 57
5 20 6
5 21 49
5 22 33
5 23 46
5 24 99
5 25 69
5 26 18
5 27 45
5 28 76
5 29 10
5 30 35
5 31 79
5 32 89
5 33 39
5 34 58
5 35 79
5 36 2
5 37 3
5 38 1
5 39 84
5 40 78
5 41 20
5 42 54
5 43 92
5 44 63
5 45 41
5 46 25
5 47 48
5 48 25
5 49 42
5 50 56
5 51 31
5 52 42
5 53 89
5 54 76
5 55 40
5 56 9
5 57 93
5 58 37
5 59 84
5 60 2
5 61 71
5 62 62
5 63 42
5 64 9
5 65 71
5 66 20
5 67 62
5 68 74
5 69 21
5 70 97
5 71 3
5 72 92
5 73 50
5 74 94
6 7 54
6 8 42
6 9 71
6 10 2
6 11 67
6 12 12
6 13 9
6 14 97
6 15 53
6 16 49
6 17 72
6 18 44
6 19 57
6 20 17
6 21 80
6 22 40
6 23 70
6 24 2
6 25 53
6 26 12
6 27 63
6 28 24
6 29 83
6 30 76
6 31 49
6 32 55
6 33 73
6 34 51
6 35 46
6 36 22
6 37 97
6 38 100
6 39 16
6 40 67
6 41 53
6 42 82
6 43 30
6 44 13
6 45 78
6 46 82
6 47 62
6 48 49
6 49 77
6 50 18
6 51 65
6 52 57
6 53 10
6 54 35
6 55 10
6 56 62
6 57 98
6 58 72
6 59 37
6 60 32
6 61 48
6 62 37
6 63 87
6 64 20
6 65 40
6 66 84
6 67 93
6 68 36
6 69 35
6 70 8
6 71 54
6 72 39
6 73 41
6 74 83
7 8 52
7 9 18
7 10 16
7 11 13
7 12 67
7 13 92
7 14 82
7 15 83
7 16 48
7 17 91
7 18 69
7 19 10
7 20 5
7 21 18
7 22 81
7 23 93
7 24 50
7 25 28
7 26 30
7 27 88
7 28 99
7 29 69
7 30 23
7 31 44
7 32 56
7 33 58
7 34 3
7 35 9
7 36 48
7 37 44
7 38 91
7 39 99
7 40 13
7 41 58
7 42 63
7 43 31
7 44 49
7 45 45
7 46 14
7 47 49
7 48 87
7 49 34
7 50 58
7 51 43
7 52 4
7 53 38
7 54 36
7 55 5
7 56 18
7 57 17
7 58 92
7 59 68
7 60 37
7 61 66
7 62 63
7 63 44
7 64 75
7 65 18
7 66 4
7 67 23
7 68 61
7 69 46
7 70 73
7 71 25
7 72 3
7 73 36
7 74 56
8 9 51
8 10 32
8 11 21
8 12 99
8 13 70
8 14 54
8 15 56
8 16 13
8 17 57
8 18 46
8 19 100
8 20 61
8 21 63
8 22 68
8 23 4
8 24 82
8 25 56
8 26 22
8 27 45
8 28 99
8 29 96
8 30 62
8 31 2
8 32 70
8 33 74
8 34 47
8 35 43
8 36 98
8 37 49
8 38 78
8 39 5
8 40 99
8 41 61
8 42 25
8 43 50
8 44 30
8 45 79
8 46 5
8 47 42
8 48 87
8 49 2
8 50 41
8 51 100
8 52 16
8 53 60
8 54 55
8 55 98
8 56 15
8 57 76
8 58 94
8 59 13
8 60 24
8 61 55
8 62 14
8 63 93
8 64 80
8 65 12
8 66 35
8 67 29
8 68 60
8 69 64
8 70 34
8 71 11
8 72 24
8 73 58
8 74 60
9 10 54
9 11 88
9 12 16
9 13 47
9 14 75
9 15 18
9 16 40
9 17 74
9 18 33
9 19 99
9 20 28
9 21 82
9 22 14
9 23 56
9 24 75
9 25 78
9 26 79
9 27 81
9 28 44
9 29 71
9 30 60
9 31 55
9 32 58
9 33 41
9 34 67
9 35 21
9 36 74
9 37 29
9 38 97
9 39 31
9 40 88
9 41 2
9 42 71
9 43 55
9 44 48
9 45 45
9 46 24
9 47 87
9 48 70
9 49 9
9 50 38
9 51 49
9 52 90
9 53 51
9 54 4
9 55 17
9 56 80
9 57 82
9 58 97
9 59 23
9 60 5
9 61 57
9 62 78
9 63 62
9 64 49
9 65 96
9 66 34
9 67 22
9 68 24
9 69 30
9 70 4
9 71 63
9 72 31
9 73 74
9 74 17
10 11 31
10 12 70
10 13 93
10 14 69
10 15 39
10 16 1
10 17 6
10 18 88
10 19 42
10 20 8
10 21 43
10 22 58
10 23 88
10 24 77
10 25 55
10 26 62
10 27 33
10 28 63
10 29 39
10 30 46
10 31 11
10 32 86
10 33 79
10 34 84
10 35 9
10 36 61
10 37 39
10 38 71
10 39 43
10 40 13
10 41 40
10 42 73
10 43 34
10 44 32
10 45 42
10 46 73
10 47 84
10 48 99
10 49 12
10 50 25
10 51 7
10 52 6
10 53 35
10 54 46
10 55 82
10 56 41
10 57 7
10 58 14
10 59 3
10 60 98
10 61 59
10 62 65
10 63 83
10 64 90
10 65 100
10 66 92
10 67 50
10 68 38
10 69 14
10 70 44
10 71 2
10 72 53
10 73 17
10 74 36
11 12 84
11 13 10
11 14 8
11 15 19
11 16 60
11 17 71
11 18 44
11 19 66
11 20 76
11 21 30
11 22 63
11 23 10
11 24 70
11 25 22
11 26 23
11 27 24
11 28 19
11 29 34
11 30 40
11 31 1
11 32 23
11 33 39
11 34 44
11 35 24
11 36 76
11 37 58
11 38 67
11 39 30
11 40 62
11 41 35
11 42 65
11 43 46
11 44 96
11 45 72
11 46 16
11 47 56
11 48 94
11 49 59
11 50 73
11 51 21
11 52 88
11 53 36
11 54 30
11 55 9
11 56 57
11 57 5
11 58 32
11 59 27
11 60 38
11 61 71
11 62 79
11 63 12
11 64 61
11 65 23
11 66 87
11 67 89
11 68 32
11 69 53
11 70 18
11 71 93
11 72 40
11 73 82
11 74 90
12 13 35
12 14 5
12 15 6
12 16 90
12 17 98
12 18 16
12 19 15
12 20 18
12 21 56
12 22 50
12 23 100
12 24 64
12 25 58
12 26 4
12 27 48
12 28 36
12 29 41
12 30 70
12 31 14
12 32 4
12 33 31
12 34 36
12 35 90
12 36 71
12 37 19
12 38 94
12 39 88
12 40 64
12 41 85
12 42 21
12 43 53
12 44 20
12 45 25
12 46 10
12 47 61
12 48 74
12 49 78
12 50 75
12 51 43
12 52 33
12 53 76
12 54 42
12 55 48
12 56 85
12 57 45
12 58 47
12 59 20
12 60 37
12 61 17
12 62 34
12 63 92
12 64 99
12 65 21
12 66 33
12 67 69
12 68 40
12 69 27
12 70 8
12 71 55
12 72 11
12 73 28
12 74 59
13 14 82
13 15 52
13 16 69
13 17 95
13 18 77
13 19 46
13 20 69
13 21 19
13 22 30
13 23 97
13 24 61
13 25 29
13 26 81
13 27 57
13 28 76
13 29 53
13 30 46
13 31 44
13 32 86
13 33 37
13 34 42
13 35 58
13 36 70
13 37 62
13 38 49
13 39 48
13 40 69
13 41 3
13 42 10
13 43 96
13 44 62
13 45 44
13 46 99
13 47 30
13 48 38
13 49 75
13 50 27
13 51 58
13 52 93
13 53 8
13 54 54
13 55 5
13 56 36
13 57 87
13 58 14
13 59 63
13 60 39
13 61 11
13 62 6
13 63 76
13 64 47
13 65 99
13 66 33
13 67 68
13 68 60
13 69 82
13 70 67
13 71 80
13 72 84
13 73 29
13 74 75
14 15 45
14 16 72
14 17 25
14 18 26
14 19 9
14 20 99
14 21 4
14 22 18
14 23 44
14 24 11
14 25 72
14 26 100
14 27 99
14 28 58
14 29 65
14 30 13
14 31 48
14 32 75
14 33 19
14 34 23
14 35 22
14 36 17
14 37 55
14 38 41
14 39 29
14 40 36
14 41 60
14 42 8
14 43 20
14 44 88
14 45 35
14 46 16
14 47 11
14 48 11
14 49 42
14 50 71
14 51 62
14 52 45
14 53 88
14 54 5
14 55 8
14 56 59
14 57 56
14 58 58
14 59 68
14 60 21
14 61 70
14 62 15
14 63 95
14 64 40
14 65 89
14 66 68
14 67 9
14 68 44
14 69 61
14 70 37
14 71 79
14 72 20
14 73 96
14 74 50
15 16 59
15 17 82
15 18 66
15 19 69
15 20 93
15 21 59
15 22 39
15 23 54
15 24 55
15 25 78
15 26 10
15 27 62
15 28 89
15 29 65
15 30 71
15 31 56
15 32 37
15 33 41
15 34 23
15 35 84
15 36 80
15 37 11
15 38 3
15 39 88
15 40 6
15 41 63
15 42 76
15 43 37
15 44 34
15 45 24
15 46 86
15 47 44
15 48 5
15 49 3
15 50 12
15 51 49
15 52 61
15 53 2
15 54 2
15 55 68
15 56 80
15 57 63
15 58 81
15 59 20
15 60 80
15 61 52
15 62 75
15 63 16
15 64 92
15 65 49
15 66 51
15 67 23
15 68 12
15 69 54
15 70 63
15 71 17
15 72 16
15 73 90
15 74 53
16 17 2
16 18 13
16 19 91
16 20 45
16 21 70
16 22 93
16 23 9
16 24 18
16 25 6
16 26 62
16 27 72
16 28 73
16 29 93
16 30 34
16 31 53
16 32 12
16 33 13
16 34 4
16 35 39
16 36 81
16 37 47
16 38 87
16 39 31
16 40 22
16 41 98
16 42 36
16 43 84
16 44 67
16 45 52
16 46 25
16 47 19
16 48 5
16 49 38
16 50 9
16 51 49
16 52 59
16 53 54
16 54 9
16 55 76
16 56 11
16 57 71
16 58 99
16 59 83
16 60 63
16 61 33
16 62 87
16 63 75
16 64 97
16 65 91
16 66 13
16 67 29
16 68 89
16 69 51
16 70 12
16 71 62
16 72 1
16 73 47
16 74 97
17 18 67
17 19 50
17 20 22
17 21 37
17 22 54
17 23 11
17 24 98
17 25 55
17 26 69
17 27 3
17 28 63
17 29 96
17 30 13
17 31 85
17 32 95
17 33 95
17 34 48
17 35 79
17 36 81
17 37 74
17 38 75
17 39 23
17 40 38
17 41 56
17 42 64
17 43 88
17 44 67
17 45 25
17 46 88
17 47 13
17 48 22
17 49 6
17 50 15
17 51 43
17 52 43
17 53 68
17 54 5
17 55 92
17 56 74
17 57 73
17 58 94
17 59 37
17 60 68
17 61 6
17 62 21
17 63 62
17 64 52
17 65 20
17 66 92
17 67 32
17 68 93
17 69 19
17 70 7
17 71 30
17 72 74
17 73 22
17 74 70
18 19 92
18 20 46
18 21 57
18 22 56
18 23 19
18 24 15
18 25 70
18 26 13
18 27 9
18 28 38
18 29 17
18 30 100
18 31 11
18 32 89
18 33 93
18 34 99
18 35 9
18 36 50
18 37 72
18 38 22
18 39 1
18 40 91
18 41 14
18 42 32
18 43 36
18 44 32
18 45 90
18 46 65
18 47 57
18 48 11
18 49 34
18 50 48
18 51 9
18 52 43
18 53 3
18 54 27
18 55 57
18 56 73
18 57 92
18 58 65
18 59 62
18 60 8
18 61 16
18 62 24
18 63 49
18 64 8
18 65 23
18 66 9
18 67 57
18 68 46
18 69 30
18 70 9
18 71 36
18 72 95
18 73 92
18 74 71
19 20 78
19 21 82
19 22 88
19 23 34
19 24 44
19 25 73
19 26 33
19 27 4
19 28 15
19 29 36
19 30 83
19 31 23
19 32 8
19 33 74
19 34 39
19 35 21
19 36 33
19 37 54
19 38 44
19 39 81
19 40 13
19 41 18
19 42 89
19 43 21
19 44 63
19 45 71
19 46 29
19 47 99
19 48 17
19 49 21
19 50 21
19 51 95
19 52 54
19 53 60
19 54 80
19 55 97
19 56 33
19 57 13
19 58 53
19 59 47
19 60 100
19 61 35
19 62 22
19 63 59
19 64 8
19 65 60
19 66 79
19 67 40
19 68 14
19 69 22
19 70 73
19 71 78
19 72 40
19 73 13
19 74 99
20 21 54
20 22 35
20 23 27
20 24 52
20 25 52
20 26 99
20 27 25
20 28 98
20 29 52
20 30 84
20 31 77
20 32 1
20 33 16
20 34 41
20 35 53
20 36 15
20 37 40
20 38 39
20 39 36
20 40 98
20 41 46
20 42 95
20 43 28
20 44 37
20 45 60
20 46 50
20 47 9
20 48 38
20 49 41
20 50 74
20 51 88
20 52 94
20 53 8
20 54 66
20 55 98
20 56 59
20 57 65
20 58 74
20 59 56
20 60 68
20 61 57
20 62 85
20 63 20
20 64 25
20 65 77
20 66 72
20 67 91
20 68 69
20 69 10
20 70 26
20 71 18
20 72 7
20 73 72
20 74 46
21 22 96
21 23 84
21 24 47
21 25 56
21 26 73
21 27 87
21 28 29
21 29 60
21 30 80
21 31 37
21 32 25
21 33 29
21 34 47
21 35 41
21 36 2
21 37 55
21 38 9
21 39 11
21 40 91
21 41 28
21 42 35
21 43 19
21 44 52
21 45 25
21 46 87
21 47 13
21 48 2
21 49 5
21 50 72
21 51 73
21 52 2
21 53 67
21 54 8
21 55 48
21 56 22
21 57 80
21 58 34
21 59 3
21 60 39
21 61 65
21 62 91
21 63 16
21 64 94
21 65 37
21 66 56
21 67 47
21 68 91
21 69 16
21 70 57
21 71 33
21 72 44
21 73 91
21 74 52
22 23 47
22 24 67
22 25 38
22 26 59
22 27 68
22 28 94
22 29 30
22 30 93
22 31 95
22 32 48
22 33 100
22 34 94
22 35 22
22 36 80
22 37 79
22 38 24
22 39 70
22 40 96
22 41 14
22 42 85
22 43 41
22 44 50
22 45 41
22 46 87
22 47 93
22 48 8
22 49 44
22 50 25
22 51 51
22 52 86
22 53 76
22 54 97
22 55 53
22 56 66
22 57 8
22 58 72
22 59 59
22 60 89
22 61 64
22 62 6
22 63 37
22 64 64
22 65 51
22 66 58
22 67 95
22 68 30
22 69 33
22 70 64
22 71 25
22 72 46
22 73 49
22 74 65
23 24 47
23 25 41
23 26 51
23 27 39
23 28 48
23 29 46
23 30 16
23 31 51
23 32 32
23 33 91
23 34 99
23 35 36
23 36 56
23 37 58
23 38 7
23 39 67
23 40 47
23 41 71
23 42 24
23 43 83
23 44 86
23 45 74
23 46 92
23 47 80
23 48 3
23 49 24
23 50 95
23 51 79
23 52 21
23 53 95
23 54 43
23 55 67
23 56 87
23 57 46
23 58 58
23 59 87
23 60 91
23 61 73
23 62 37
23 63 74
23 64 15
23 65 87
23 66 9
23 67 23
23 68 45
23 69 68
23 70 41
23 71 43
23 72 38
23 73 64
23 74 25
24 25 75
24 26 37
24 27 68
24 28 6
24 29 92
24 30 91
24 31 100
24 32 70
24 33 63
24 34 95
24 35 65
24 36 29
24 37 81
24 38 62
24 39 86
24 40 67
24 41 4
24 42 10
24 43 55
24 44 30
24 45 25
24 46 94
24 47 38
24 48 47
24 49 38
24 50 5
24 51 87
24 52 80
24 53 94
24 54 2
24 55 56
24 56 20
24 57 90
24 58 75
24 59 25
24 60 81
24 61 17
24 62 25
24 63 3
24 64 79
24 65 71
24 66 19
24 67 7
24 68 3
24 69 32
24 70 45
24 71 70
24 72 35
24 73 54
24 74 76
25 26 64
25 27 30
25 28 69
25 29 54
25 30 28
25 31 58
25 32 10
25 33 66
25 34 89
25 35 56
25 36 67
25 37 44
25 38 75
25 39 57
25 40 18
25 41 52
25 42 37
25 43 34
25 44 76
25 45 91
25 46 12
25 47 98
25 48 61
25 49 71
25 50 100
25 51 92
25 52 15
25 53 21
25 54 79
25 55 20
25 56 97
25 57 94
25 58 50
25 59 17
25 60 47
25 61 77
25 62 75
25 63 9
25 64 43
25 65 63
25 66 16
25 67 9
25 68 59
25 69 90
25 70 17
25 71 28
25 72 41
25 73 6
25 74 14
26 27 68
26 28 96
26 29 77
26 30 65
26 31 9
26 32 47
26 33 17
26 34 100
26 35 13
26 36 37
26 37 78
26 38 33
26 39 85
26 40 72
26 41 34
26 42 2
26 43 70
26 44 10
26 45 28
26 46 30
26 47 4
26 48 42
26 49 45
26 50 65
26 51 52
26 52 87
26 53 81
26 54 80
26 55 79
26 56 38
26 57 45
26 58 99
26 59 86
26 60 21
26 61 15
26 62 94
26 63 20
26 64 31
26 65 93
26 66 84
26 67 68
26 68 23
26 69 68
26 70 4
26 71 46
26 72 1
26 73 5
26 74 15
27 28 63
27 29 84
27 30 97
27 31 18
27 32 26
27 33 41
27 34 82
27 35 29
27 36 79
27 37 15
27 38 8
27 39 10
27 40 52
27 41 4
27 42 8
27 43 89
27 44 25
27 45 22
27 46 82
27 47 96
27 48 53
27 49 27
27 50 79
27 51 72
27 52 49
27 53 47
27 54 27
27 55 94
27 56 99
27 57 84
27 58 60
27 59 61
27 60 67
27 61 56
27 62 79
27 63 44
27 64 49
27 65 12
27 66 73
27 67 27
27 68 78
27 69 32
27 70 36
27 71 82
27 72 36
27 73 95
27 74 70
28 29 60
28 30 17
28 31 4
28 32 7
28 33 21
28 34 30
28 35 85
28 36 44
28 37 30
28 38 83
28 39 70
28 40 23
28 41 82
28 42 53
28 43 82
28 44 94
28 45 20
28 46 90
28 47 72
28 48 15
28 49 38
28 50 36
28 51 87
28 52 16
28 53 13
28 54 19
28 55 4
28 56 46
28 57 54
28 58 98
28 59 16
28 60 65
28 61 66
28 62 19
28 63 71
28 64 38
28 65 100
28 66 55
28 67 81
28 68 29
28 69 38
28 70 51
28 71 3
28 72 71
28 73 55
28 74 36
29 30 64
29 31 26
29 32 25
29 33 88
29 34 41
29 35 14
29 36 23
29 37 27
29 38 82
29 39 87
29 40 97
29 41 85
29 42 85
29 43 50
29 44 34
29 45 100
29 46 66
29 47 52
29 48 70
29 49 36
29 50 89
29 51 21
29 52 43
29 53 70
29 54 49
29 55 32
29 56 72
29 57 51
29 58 54
29 59 26
29 60 86
29 61 17
29 62 4
29 63 63
29 64 4
29 65 44
29 66 76
29 67 78
29 68 22
29 69 57
29 70 17
29 71 19
29 72 93
29 73 1
29 74 20
30 31 79
30 32 52
30 33 86
30 34 30
30 35 21
30 36 73
30 37 18
30 38 93
30 39 67
30 40 39
30 41 41
30 42 50
30 43 62
30 44 43
30 45 3
30 46 88
30 47 80
30 48 72
30 49 43
30 50 42
30 51 75
30 52 86
30 53 70
30 54 53
30 55 7
30 56 26
30 57 21
30 58 77
30 59 71
30 60 21
30 61 97
30 62 49
30 63 72
30 64 34
30 65 30
30 66 44
30 67 58
30 68 99
30 69 36
30 70 77
30 71 38
30 72 76
30 73 26
30 74 99
31 32 70
31 33 81
31 34 38
31 35 49
31 36 52
31 37 80
31 38 91
31 39 78
31 40 17
31 41 60
31 42 82
31 43 76
31 44 37
31 45 2
31 46 52
31 47 59
31 48 22
31 49 100
31 50 7
31 51 93
31 52 85
31 53 88
31 54 36
31 55 43
31 56 87
31 57 71
31 58 19
31 59 76
31 60 98
31 61 96
31 62 74
31 63 67
31 64 76
31 65 64
31 66 68
31 67 79
31 68 95
31 69 10
31 70 57
31 71 64
31 72 21
31 73 38
31 74 39
32 33 57
32 34 40
32 35 42
32 36 16
32 37 13
32 38 42
32 39 74
32 40 6
32 41 78
32 42 62
32 43 93
32 44 20
32 45 100
32 46 16
32 47 90
32 48 75
32 49 13
32 50 38
32 51 100
32 52 32
32 53 65
32 54 15
32 55 51
32 56 44
32 57 62
32 58 60
32 59 52
32 60 25
32 61 80
32 62 41
32 63 63
32 64 88
32 65 80
32 66 4
32 67 3
32 68 45
32 69 97
32 70 29
32 71 2
32 72 75
32 73 42
32 74 94
33 34 46
33 35 93
33 36 9
33 37 36
33 38 67
33 39 74
33 40 25
33 41 18
33 42 57
33 43 89
33 44 33
33 45 7
33 46 32
33 47 94
33 48 66
33 49 83
33 50 70
33 51 97
33 52 24
33 53 32
33 54 84
33 55 55
33 56 87
33 57 39
33 58 51
33 59 36
33 60 19
33 61 52
33 62 10
33 63 60
33 64 46
33 65 7
33 66 52
33 67 6
33 68 94
33 69 70
33 70 79
33 71 18
33 72 39
33 73 87
33 74 7
34 35 23
34 36 93
34 37 90
34 38 68
34 39 10
34 40 73
34 41 37
34 42 58
34 43 48
34 44 20
34 45 42
34 46 54
34 47 7
34 48 32
34 49 5
34 50 42
34 51 50
34 52 56
34 53 3
34 54 61
34 55 53
34 56 61
34 57 64
34 58 59
34 59 55
34 60 85
34 61 89
34 62 72
34 63 23
34 64 76
34 65 30
34 66 46
34 67 20
34 68 20
34 69 13
34 70 82
34 71 44
34 72 2
34 73 39
34 74 43
35 36 21
35 37 32
35 38 96
35 39 79
35 40 63
35 41 52
35 42 20
35 43 64
35 44 8
35 45 74
35 46 24
35 47 12
35 48 35
35 49 87
35 50 70
35 51 41
35 52 71
35 53 11
35 54 12
35 55 46
35 56 38
35 57 94
35 58 91
35 59 57
35 60 13
35 61 55
35 62 90
35 63 56
35 64 8
35 65 29
35 66 50
35 67 29
35 68 12
35 69 45
35 70 7
35 71 75
35 72 97
35 73 79
35 74 90
36 37 56
36 38 4
36 39 14
36 40 67
36 41 38
36 42 52
36 43 89
36 44 78
36 45 75
36 46 99
36 47 42
36 48 20
36 49 88
36 50 35
36 51 62
36 52 96
36 53 99
36 54 16
36 55 86
36 56 6
36 57 76
36 58 66
36 59 55
36 60 4
36 61 77
36 62 99
36 63 62
36 64 3
36 65 47
36 66 92
36 67 93
36 68 54
36 69 96
36 70 6
36 71 21
36 72 33
36 73 9
36 74 61
37 38 63
37 39 83
37 40 11
37 41 4
37 42 2
37 43 98
37 44 90
37 45 63
37 46 93
37 47 40
37 48 31
37 49 30
37 50 45
37 51 6
37 52 95
37 53 99
37 54 61
37 55 72
37 56 49
37 57 22
37 58 26
37 59 48
37 60 14
37 61 18
37 62 1
37 63 9
37 64 75
37 65 73
37 66 93
37 67 84
37 68 85
37 69 7
37 70 66
37 71 95
37 72 62
37 73 68
37 74 44
38 39 3
38 40 82
38 41 89
38 42 42
38 43 12
38 44 18
38 45 86
38 46 17
38 47 13
38 48 36
38 49 77
38 50 36
38 51 37
38 52 51
38 53 13
38 54 84
38 55 16
38 56 31
38 57 36
38 58 76
38 59 57
38 60 61
38 61 68
38 62 40
38 63 45
38 64 27
38 65 58
38 66 92
38 67 88
38 68 77
38 69 35
38 70 91
38 71 58
38 72 23
38 73 32
38 74 22
39 40 93
39 41 70
39 42 90
39 43 57
39 44 5
39 45 67
39 46 44
39 47 93
39 48 69
39 49 56
39 50 76
39 51 84
39 52 86
39 53 64
39 54 59
39 55 95
39 56 24
39 57 78
39 58 34
39 59 20
39 60 4
39 61 43
39 62 11
39 63 44
39 64 19
39 65 98
39 66 34
39 67 29
39 68 72
39 69 17
39 70 2
39 71 64
39 72 86
39 73 91
39 74 20
40 41 43
40 42 9
40 43 63
40 44 35
40 45 77
40 46 71
40 47 63
40 48 12
40 49 56
40 50 26
40 51 70
40 52 2
40 53 1
40 54 100
40 55 36
40 56 72
40 57 55
40 58 30
40 59 83
40 60 98
40 61 1
40 62 32
40 63 83
40 64 81
40 65 3
40 66 52
40 67 82
40 68 19
40 69 89
40 70 72
40 71 90
40 72 83
40 73 81
40 74 5
41 42 18
41 43 57
41 44 75
41 45 32
41 46 21
41 47 82
41 48 9
41 49 90
41 50 84
41 51 9
41 52 41
41 53 71
41 54 32
41 55 96
41 56 100
41 57 66
41 58 45
41 59 100
41 60 97
41 61 80
41 62 32
41 63 52
41 64 83
41 65 13
41 66 70
41 67 71
41 68 85
41 69 11
41 70 54
41 71 17
41 72 15
41 73 23
41 74 25
42 43 89
42 44 54
42 45 45
42 46 23
42 47 62
42 48 87
42 49 6
42 50 22
42 51 27
42 52 76
42 53 53
42 54 74
42 55 27
42 56 19
42 57 19
42 58 79
42 59 67
42 60 50
42 61 10
42 62 18
42 63 32
42 64 23
42 65 39
42 66 2
42 67 59
42 68 2
42 69 7
42 70 75
42 71 16
42 72 29
42 73 99
42 74 57
43 44 82
43 45 96
43 46 31
43 47 95
43 48 82
43 49 36
43 50 16
43 51 8
43 52 11
43 53 21
43 54 82
43 55 89
43 56 91
43 57 52
43 58 67
43 59 57
43 60 53
43 61 77
43 62 27
43 63 36
43 64 51
43 65 17
43 66 89
43 67 9
43 68 70
43 69 96
43 70 35
43 71 38
43 72 76
43 73 85
43 74 46
44 45 58
44 46 80
44 47 76
44 48 4
44 49 61
44 50 11
44 51 72
44 52 69
44 53 73
44 54 92
44 55 2
44 56 61
44 57 34
44 58 5
44 59 80
44 60 42
44 61 9
44 62 56
44 63 20
44 64 44
44 65 6
44 66 89
44 67 32
44 68 66
44 69 58
44 70 27
44 71 100
44 72 95
44 73 3
44 74 84
45 46 92
45 47 12
45 48 64
45 49 67
45 50 67
45 51 76
45 52 77
45 53 38
45 54 96
45 55 1
45 56 81
45 57 49
45 58 14
45 59 14
45 60 53
45 61 93
45 62 56
45 63 13
45 64 48
45 65 27
45 66 56
45 67 5
45 68 15
45 69 88
45 70 22
45 71 25
45 72 66
45 73 73
45 74 71
46 47 20
46 48 56
46 49 63
46 50 83
46 51 71
46 52 29
46 53 50
46 54 47
46 55 58
46 56 87
46 57 42
46 58 58
46 59 68
46 60 91
46 61 71
46 62 33
46 63 95
46 64 15
46 65 40
46 66 8
46 67 62
46 68 67
46 69 15
46 70 18
46 71 33
46 72 54
46 73 91
46 74 57
47 48 20
47 49 63
47 50 28
47 51 91
47 52 19
47 53 42
47 54 74
47 55 41
47 56 70
47 57 23
47 58 39
47 59 79
47 60 61
47 61 33
47 62 37
47 63 80
47 64 75
47 65 59
47 66 13
47 67 21
47 68 26
47 69 4
47 70 28
47 71 39
47 72 70
47 73 95
47 74 57
48 49 55
48 50 48
48 51 47
48 52 63
48 53 19
48 54 10
48 55 42
48 56 10
48 57 80
48 58 83
48 59 35
48 60 72
48 61 5
48 62 57
48 63 11
48 64 83
48 65 69
48 66 95
48 67 71
48 68 49
48 69 69
48 70 82
48 71 13
48 72 89
48 73 7
48 74 16
49 50 69
49 51 45
49 52 38
49 53 63
49 54 53
49 55 92
49 56 62
49 57 100
49 58 54
49 59 81
49 60 61
49 61 96
49 62 90
49 63 92
49 64 30
49 65 24
49 66 63
49 67 34
49 68 32
49 69 25
49 70 17
49 71 100
49 72 19
49 73 87
49 74 100
50 51 87
50 52 68
50 53 12
50 54 28
50 55 74
50 56 28
50 57 96
50 58 71
50 59 65
50 60 10
50 61 23
50 62 8
50 63 71
50 64 74
50 65 61
50 66 51
50 67 34
50 68 8
50 69 92
50 70 77
50 71 38
50 72 67
50 73 92
50 74 23
51 52 50
51 53 16
51 54 39
51 55 50
51 56 87
51 57 78
51 58 1
51 59 25
51 60 45
51 61 13
51 62 52
51 63 71
51 64 40
51 65 99
51 66 41
51 67 56
51 68 8
51 69 15
51 70 63
51 71 79
51 72 89
51 73 75
51 74 29
52 53 74
52 54 35
52 55 73
52 56 51
52 57 72
52 58 39
52 59 42
52 60 94
52 61 89
52 62 9
52 63 85
52 64 90
52 65 95
52 66 62
52 67 90
52 68 72
52 69 58
52 70 54
52 71 23
52 72 28
52 73 93
52 74 74
53 54 20
53 55 100
53 56 81
53 57 87
53 58 62
53 59 11
53 60 75
53 61 89
53 62 40
53 63 48
53 64 23
53 65 64
53 66 98
53 67 46
53 68 2
53 69 91
53 70 91
53 71 42
53 72 100
53 73 75
53 74 31
54 55 46
54 56 88
54 57 73
54 58 17
54 59 46
54 60 26
54 61 92
54 62 25
54 63 71
54 64 65
54 65 97
54 66 70
54 67 97
54 68 83
54 69 84
54 70 8
54 71 57
54 72 72
54 73 99
54 74 56
55 56 46
55 57 62
55 58 6
55 59 91
55 60 15
55 61 96
55 62 81
55 63 57
55 64 47
55 65 8
55 66 87
55 67 93
55 68 95
55 69 59
55 70 61
55 71 40
55 72 37
55 73 52
55 74 17
56 57 7
56 58 68
56 59 13
56 60 76
56 61 17
56 62 95
56 63 11
56 64 24
56 65 3
56 66 34
56 67 74
56 68 58
56 69 79
56 70 35
56 71 63
56 72 69
56 73 49
56 74 11
57 58 2
57 59 57
57 60 57
57 61 61
57 62 44
57 63 1
57 64 7
57 65 54
57 66 62
57 67 99
57 68 90
57 69 65
57 70 15
57 71 48
57 72 85
57 73 27
57 74 76
58 59 1
58 60 73
58 61 86
58 62 76
58 63 75
58 64 20
58 65 49
58 66 84
58 67 98
58 68 83
58 69 99
58 70 19
58 71 83
58 72 9
58 73 72
58 74 40
59 60 17
59 61 84
59 62 35
59 63 18
59 64 90
59 65 40
59 66 79
59 67 88
59 68 82
59 69 95
59 70 2
59 71 29
59 72 79
59 73 80
59 74 4
60 61 79
60 62 52
60 63 42
60 64 54
60 65 78
60 66 61
60 67 2
60 68 62
60 69 10
60 70 36
60 71 12
60 72 80
60 73 71
60 74 72
61 62 3
61 63 62
61 64 88
61 65 86
61 66 48
61 67 5
61 68 76
61 69 87
61 70 35
61 71 63
61 72 68
61 73 30
61 74 17
62 63 49
62 64 60
62 65 96
62 66 4
62 67 39
62 68 100
62 69 45
62 70 44
62 71 77
62 72 57
62 73 98
62 74 90
63 64 19
63 65 85
63 66 1
63 67 50
63 68 55
63 69 72
63 70 53
63 71 68
63 72 12
63 73 38
63 74 15
64 65 16
64 66 65
64 67 54
64 68 3
64 69 80
64 70 73
64 71 84
64 72 96
64 73 21
64 74 43
65 66 43
65 67 77
65 68 33
65 69 42
65 70 21
65 71 77
65 72 71
65 73 30
65 74 74
66 67 60
66 68 48
66 69 58
66 70 13
66 71 97
66 72 65
66 73 84
66 74 1
67 68 32
67 69 95
67 70 91
67 71 99
67 72 63
67 73 7
67 74 52
68 69 17
68 70 86
68 71 24
68 72 100
68 73 33
68 74 97
69 70 94
69 71 76
69 72 73
69 73 27
69 74 69
70 71 45
70 72 3
70 73 39
70 74 74
71 72 28
71 73 99
71 74 73
72 73 85
72 74 11
73 74 22
75
40
59
39
33
68
96
56
100
28
92
33
43
78
1
72
27
30
55
69
92
3
17
9
62
53
43
83
17
42
71
21
76
9
42
77
93
55
58
18
1
26
92
91
77
73
41
39
31
41
42
95
47
2
1
64
85
72
57
50
87
84
44
34
81
59
8
87
38
14
75
46
20
92
46
85
59
62
90
70
3
16
43
81
6
41
30
53
30
55
59
15
24
72
49
33
89
77
84
24
52
29
39
34
55
67
52
13
50
46
78
90
79
41
60
21
8
30
37
41
3
41
59
54
33
42
78
93
72
4
69
0
85
8
68
38
73
66
22
83
64
8
1
87
28
74
59
87
52
80
28
66
47
8
61
97
91
81
84
14
57
33
64
91
13
87
64
68
11
10
97
72
92
4
26
40
40
99
17
99
72
16
84
51
52
79
54
50
86
72
12
65
70
34
52
100
6
92
34
94
59
40
21
57
40
31
83
88
85
75
87
53
93
74
75
52
87
48
51
41
71
52
36
27
51
32
80
36
32
97
61
98
74
66
49
93
8
58
13
95
43
75
94
57
18
16
9
80
28
5
58
58
5
66
87
15
76
80
60
97
97
16
71
1
41
71
39
71
12
82
50
3
10
78
44
30
99
35
91
32
56
32
24
86
98
45
27
47
29
86
73
35
46
25
78
99
79
53
53
30
64
33
41
88
18
55
7
70
8
10
13
43
50
1
6
2
19
84
60
42
46
25
7
27
1
9
96
86
15
7
84
37
95
70
77
57
20
64
52
70
33
93
58
58
31
47
77
98
53
6
93
75
59
41
30
37
14
47
3
91
76
7
10
16
61
80
10
48
95
51
99
72
45
2
34
54
67
37
6
50
38
51
72
83
72
77
60
14
13
29
6
91
23
65
28
17
97
64
30
32
75
51
26
88
89
9
97
41
69
91
97
72
66
95
31
13
69
63
10
41
25
33
3
52
4
54
41
70
85
98
24
48
30
34
25
56
91
18
93
3
18
12
18
63
58
36
54
40
75
60
9
26
57
40
76
41
62
50
82
47
25
95
29
78
6
31
32
42
12
37
31
61
71
27
62
63
36
29
42
15
18
1
100
91
12
79
16
13
34
98
70
1
1
68
82
92
0
47
51
73
12
57
26
14
70
91
47
1
22
52
22
60
48
74
11
1
76
8
15
75
98
56
39
6
85
97
99
98
6
15
23
22
13
51
14
72
31
82
21
100
44
100
25
90
80
90
81
71
41
24
15
26
52
78
32
2
23
74
31
80
18
89
31
77
7
29
52
84
8
51
50
96
82
75
67
39
94
59
73
3
22
25
13
77
36
68
90
56
37
50
25
90
22
99
92
63
2
50
0
70
83
37
46
43
67
2
56
47
77
52
11
84
97
41
53
75
84
22
26
68
79
58
64
0
20
48
29
33
11
54
25
14
32
100
81
22
31
49
41
92
73
47
9
34
68
8
23
69
86
6
95
49
26
68
50
25
64
50
59
20
43
39
76
86
22
15
85
59
6
62
98
44
87
78
77
83
50
95
39
98
97
88
77
26
91
23
47
18
73
40
56
44
22
74
97
59
91
61
5
6
26
89
2
20
86
25
62
89
25
86
63
42
10
36
19
65
33
80
30
31
45
61
48
18
0
100
51
38
39
86
17
93
12
34
47
97
59
91
29
27
47
2
56
2
20
56
31
39
92
33
66
1
94
9
44
42
23
76
99
64
88
16
52
66
94
32
61
88
72
50
16
62
36
69
71
71
40
24
22
54
6
13
30
46
66
36
79
68
19
22
43
35
89
15
98
94
82
70
40
95
6
32
50
95
42
58
88
52
34
2
55
3
52
20
35
93
23
64
87
73
65
26
65
60
96
33
80
76
44
78
66
86
17
5
22
57
74
70
15
85
85
23
51
90
56
58
67
6
73
44
39
78
77
80
5
6
90
87
52
88
2
20
40
74
43
72
84
23
1
67
12
27
68
73
60
89
1
51
59
69
55
92
46
29
34
14
9
59
83
81
43
56
49
4
99
27
13
23
66
4
29
27
54
9
66
68
26
6
82
65
59
65
6
2
63
78
78
91
89
47
88
34
21
5
53
41
30
36
1
79
61
47
14
88
100
94
29
40
59
32
31
76
52
35
39
80
56
63
34
42
39
81
86
83
40
97
96
40
42
87
8
73
74
8
68
47
74
41
53
71
0
40
17
57
88
72
44
21
8
14
30
51
47
33
60
66
17
24
68
84
48
64
46
92
4
72
100
51
58
30
22
7
73
14
22
70
27
94
8
53
81
88
7
97
32
76
53
60
6
96
70
55
46
64
24
90
97
89
15
24
99
63
13
82
72
98
84
82
77
52
26
21
4
6
32
90
72
75
81
98
58
100
57
64
55
59
26
50
58
89
13
46
8
61
4
42
92
18
46
52
81
55
20
62
84
52
98
69
52
92
90
81
3
60
96
38
22
29
41
11
0
31
41
27
95
42
10
13
95
46
92
90
76
54
24
11
90
23
4
74
34
21
60
97
97
4
40
44
50
23
71
37
38
97
88
35
4
1
85
97
34
75
35
46
68
3
52
3
81
60
24
60
50
36
40
68
70
18
54
1
4
25
90
58
92
94
1
32
32
58
49
70
25
20
74
84
80
49
8
23
37
8
80
99
57
57
68
44
44
33
99
76
1
27
5
62
46
51
61
45
65
69
77
53
1
88
33
50
23
52
93
47
5
80
78
83
60
41
47
48
3
96
44
23
11
5
93
63
26
18
10
36
52
51
59
12
62
64
88
78
29
28
24
9
73
47
91
44
46
20
64
63
46
17
70
93
67
45
94
16
43
74
83
24
45
73
64
86
9
78
32
1
42
29
51
14
24
0
5
40
81
100
87
50
12
87
27
3
75
53
11
74
96
86
64
5
100
11
17
56
33
22
55
20
93
40
20
82
72
8
72
70
16
80
35
18
93
14
49
6
43
47
11
32
20
61
92
18
63
9
38
93
13
52
43
50
92
64
36
6
39
27
88
76
56
70
16
3
64
38
82
0
56
55
34
85
94
47
84
74
52
89
92
36
34
87
31
46
55
57
0
58
22
19
39
44
100
3
55
37
47
45
32
2
82
59
39
91
59
1
29
36
36
3
52
3
3
82
88
50
0
31
3
40
8
74
22
27
51
73
11
4
20
52
81
47
92
19
43
14
62
39
79
74
90
63
25
40
20
14
18
63
69
94
3
86
0
46
78
47
45
28
14
86
16
32
72
36
92
1
0
73
6
83
22
94
11
70
71
23
3
85
65
78
70
22
32
71
26
97
98
64
70
9
25
77
56
51
99
21
10
2
29
92
80
89
73
3
6
4
68
91
16
37
70
82
65
26
5
96
25
79
27
20
14
10
50
93
24
55
1
68
46
78
83
38
100
36
70
82
67
53
25
77
39
47
76
68
98
55
30
29
50
80
52
41
52
50
17
30
100
26
0
61
8
52
97
19
60
0
95
34
36
23
20
24
59
40
11
58
0
93
17
32
9
42
28
23
48
69
63
64
85
32
88
28
56
37
66
27
97
32
100
11
23
78
2
6
4
7
91
74
81
37
72
23
76
90
69
64
56
17
65
13
17
38
49
76
71
31
39
55
39
52
71
77
96
27
12
40
63
45
63
95
82
34
98
41
76
22
95
24
12
14
61
33
44
76
51
7
31
90
92
86
73
40
37
96
75
67
21
44
2
76
57
15
100
2
87
62
37
33
45
85
90
34
35
99
39
25
30
10
57
84
27
75
51
0
12
82
41
29
81
9
11
38
71
35
100
90
31
46
39
6
25
83
35
15
92
61
28
90
76
83
62
88
88
17
87
15
93
33
75
77
47
25
61
86
49
27
3
53
50
75
41
92
6
97
16
38
73
13
21
90
90
100
74
56
40
44
100
59
96
59
83
14
15
10
47
28
48
93
22
6
52
93
7
30
97
91
75
59
17
4
51
23
41
20
31
69
69
68
23
22
24
72
59
100
48
7
36
83
6
89
2
93
5
47
1
56
64
56
23
81
88
44
66
47
52
54
38
78
26
87
18
72
8
14
52
55
39
2
36
7
57
12
55
23
42
71
0
37
48
14
35
67
89
79
46
77
68
47
78
88
29
33
61
5
73
26
51
80
52
27
1
23
37
14
40
81
19
47
14
92
60
88
7
64
35
22
16
73
54
52
49
24
50
60
90
11
37
63
46
15
97
89
88
75
1
69
44
24
82
2
87
21
22
8
9
43
85
3
38
86
54
40
21
92
16
65
36
98
48
83
53
95
38
57
87
31
34
77
23
85
98
14
58
23
39
1
78
3
11
38
16
78
85
11
14
96
96
84
89
12
98
41
38
65
13
63
42
78
73
15
93
82
94
53
51
28
25
32
41
38
35
97
20
3
19
5
88
5
92
79
30
57
61
81
50
98
27
38
46
77
57
11
100
76
70
80
87
29
56
14
52
41
27
16
28
48
20
37
51
37
100
8
0
13
7
43
52
24
69
42
28
41
58
93
14
76
33
77
9
83
69
74
91
24
55
61
78
84
45
0
74
21
62
61
41
15
81
41
18
52
37
62
7
12
59
58
86
78
54
19
15
94
57
64
36
44
67
68
82
29
12
85
35
8
30
3
73
13
88
44
1
63
63
44
44
91
77
80
15
30
88
78
25
2
56
71
23
4
50
52
18
34
21
85
6
61
10
80
59
26
24
56
41
62
82
84
38
4
25
64
53
18
82
12
71
100
28
92
15
18
11
40
34
17
11
87
39
77
77
89
4
75
78
87
65
96
90
27
22
79
26
70
68
71
36
37
67
17
6
66
22
68
98
19
36
62
7
2
82
26
48
88
99
73
62
16
99
34
73
81
79
46
79
59
42
27
47
64
84
36
75
55
35
63
53
50
73
5
85
3
72
51
95
41
79
67
32
91
2
26
19
91
63
20
67
25
40
21
76
95
18
25
37
87
78
37
21
32
70
42
20
43
7
93
37
52
98
17
76
74
81
61
63
49
67
78
19
80
59
34
58
19
86
77
89
68
100
18
12
62
11
16
94
11
79
37
4
78
13
6
89
95
28
72
11
67
76
54
7
9
76
52
71
52
12
87
5
34
70
79
96
85
22
44
8
46
18
67
13
7
58
69
48
52
28
4
32
88
88
66
94
39
24
33
55
100
64
27
15
5
25
4
61
90
41
9
54
58
68
84
56
91
8
46
29
37
83
95
30
64
81
6
98
53
55
79
85
30
56
89
74
4
32
80
58
68
19
88
49
4
2
9
66
48
73
89
2
17
69
3
87
24
88
85
64
90
4
23
19
1
22
90
82
99
90
75
6
77
61
95
63
23
74
1
63
4
88
78
57
68
97
50
51
42
37
3
23
61
17
16
95
11
69
100
52
27
52
62
58
63
65
72
35
69
90
21
27
73
31
85
41
22
84
25
0
11
7
32
1
98
0
57
98
76
67
83
61
54
58
10
51
47
18
44
1
61
76
52
53
31
87
34
31
27
4
14
20
65
50
53
87
5
49
75
25
31
34
62
34
88
83
97
63
95
43
96
22
40
64
62
7
11
19
86
0
38
94
93
19
93
68
59
61
50
8
14
88
29
47
68
29
21
84
62
100
19
2
72
7
43
55
98
0
18
43
79
99
73
74
67
50
48
7
3
52
76
7
44
43
8
14
84
41
34
81
31
22
70
36
51
25
86
66
1
18
40
50
2
78
44
40
61
93
89
92
0
0
61
2
50
94
89
78
35
87
56
69
96
59
35
3
4
32
77
95
49
67
23
66
44
33
67
47
84
73
81
28
0
34
64
78
74
58
25
80
94
9
35
23
74
69
94
91
19
14
49
28
33
6
2
47
100
37
86
22
98
50
1
81
21
69
59
19
1
93
95
63
26
64
84
45
12
95
93
73
18
81
92
88
66
54
93
36
36
85
38
16
9
21
10
77
25
44
29
40
86
16
27
16
77
69
12
66
8
25
77
22
38
95
96
91
99
100
97
61
64
45
91
24
47
51
66
92
78
90
17
71
91
52
38
90
70
92
40
84
10
2
56
95
57
100
80
41
20
66
20
100
21
96
15
14
20
31
21
75
59
54
82
15
30
26
25
50
3
32
75
27
100
63
97
87
69
53
86
62
67
37
19
60
11
48
78
9
22
3
55
28
37
40
94
10
71
47
1
67
26
43
87
71
47
74
13
1
3
80
74
71
6
26
25
99
71
24
81
23
21
0
9
90
94
75
48
29
83
73
50
85
5
46
70
0