50 1225
0 1 71
0 2 20
0 3 56
0 4 94
0 5 50
0 6 76
0 7 57
0 8 57
0 9 45
0 10 65
0 11 60
0 12 80
0 13 19
0 14 64
0 15 100
0 16 4
0 17 73
0 18 91
0 19 32
0 20 27
0 21 93
0 22 37
0 23 83
0 24 85
0 25 8
0 26 3
0 27 82
0 28 90
0 29 45
0 30 14
0 31 92
0 32 15
0 33 85
0 34 47
0 35 60
0 36 86
0 37 23
0 38 69
0 39 95
0 40 19
0 41 33
0 42 6
0 43 98
0 44 51
0 45 69
0 46 50
0 47 7
0 48 41
0 49 92
1 2 90
1 3 19
1 4 36
1 5 26
1 6 53
1 7 20
1 8 34
1 9 8
1 10 53
1 11 23
1 12 52
1 13 19
1 14 66
1 15 19
1 16 55
1 17 64
1 18 30
1 19 41
1 20 38
1 21 98
1 22 87
1 23 56
1 24 82
1 25 92
1 26 6
1 27 85
1 28 61
1 29 7
1 30 91
1 31 53
1 32 98
1 33 80
1 34 24
1 35 33
1 36 6
1 37 28
1 38 4
1 39 91
1 40 35
1 41 8
1 42 65
1 43 39
1 44 78
1 45 30
1 46 57
1 47 33
1 48 93
1 49 86
2 3 25
2 4 31
2 5 36
2 6 11
2 7 38
2 8 17
2 9 54
2 10 95
2 11 1
2 12 66
2 13 1
2 14 91
2 15 19
2 16 50
2 17 23
2 18 94
2 19 34
2 20 28
2 21 21
2 22 89
2 23 70
2 24 56
2 25 97
2 26 34
2 27 94
2 28 26
2 29 63
2 30 2
2 31 58
2 32 7
2 33 87
2 34 34
2 35 89
2 36 22
2 37 96
2 38 27
2 39 91
2 40 50
2 41 73
2 42 91
2 43 15
2 44 74
2 45 34
2 46 85
2 47 75
2 48 56
2 49 78
3 4 9
3 5 35
3 6 51
3 7 97
3 8 4
3 9 6
3 10 45
3 11 37
3 12 51
3 13 71
3 14 51
3 15 52
3 16 80
3 17 9
3 18 90
3 19 66
3 20 98
3 21 64
3 22 61
3 23 76
3 24 6
3 25 62
3 26 48
3 27 96
3 28 29
3 29 73
3 30 29
3 31 13
3 32 48
3 33 84
3 34 43
3 35 8
3 36 70
3 37 45
3 38 4
3 39 73
3 40 2
3 41 1
3 42 61
3 43 52
3 44 71
3 45 11
3 46 55
3 47 2
3 48 20
3 49 96
4 5 67
4 6 69
4 7 11
4 8 80
4 9 96
4 10 16
4 11 41
4 12 95
4 13 12
4 14 21
4 15 68
4 16 92
4 17 34
4 18 67
4 19 28
4 20 28
4 21 74
4 22 97
4 23 72
4 24 29
4 25 70
4 26 73
4 27 29
4 28 30
4 29 76
4 30 51
4 31 93
4 32 82
4 33 53
4 34 64
4 35 77
4 36 19
4 37 84
4 38 88
4 39 98
4 40 79
4 41 55
4 42 91
4 43 73
4 44 18
4 45 11
4 46 92
4 47 10
4 48 96
4 49 58
5 6 37
5 7 75
5 8 83
5 9 85
5 10 98
5 11 64
5 12 6
5 13 70
5 14 44
5 15 88
5 16 97
5 17 95
5 18 80
5 19 78
5 20 99
5 21 95
5 22 7
5 23 17
5 24 78
5 25 46
5 26 67
5 27 8
5 28 100
5 29 9
5 30 80
5 31 18
5 32 71
5 33 72
5 34 79
5 35 67
5 36 81
5 37 15
5 38 41
5 39 16
5 40 51
5 41 39
5 42 31
5 43 57
5 44 60
5 45 74
5 46 44
5 47 9
5 48 20
5 49 75
6 7 86
6 8 18
6 9 69
6 10 44
6 11 87
6 12 98
6 13 89
6 14 5
6 15 5
6 16 89
6 17 13
6 18 36
6 19 58
6 20 83
6 21 59
6 22 36
6 23 1
6 24 92
6 25 2
6 26 94
6 27 7
6 28 52
6 29 84
6 30 89
6 31 8
6 32 95
6 33 62
6 34 51
6 35 3
6 36 82
6 37 25
6 38 41
6 39 99
6 40 45
6 41 84
6 42 85
6 43 42
6 44 73
6 45 41
6 46 98
6 47 13
6 48 53
6 49 34
7 8 70
7 9 88
7 10 92
7 11 5
7 12 40
7 13 83
7 14 6
7 15 33
7 16 41
7 17 57
7 18 68
7 19 29
7 20 17
7 21 63
7 22 43
7 23 67
7 24 65
7 25 24
7 26 44
7 27 57
7 28 74
7 29 88
7 30 41
7 31 11
7 32 82
7 33 65
7 34 51
7 35 79
7 36 77
7 37 56
7 38 64
7 39 46
7 40 43
7 41 8
7 42 2
7 43 34
7 44 42
7 45 7
7 46 67
7 47 83
7 48 15
7 49 34
8 9 63
8 10 31
8 11 48
8 12 5
8 13 50
8 14 13
8 15 80
8 16 45
8 17 21
8 18 6
8 19 84
8 20 61
8 21 16
8 22 65
8 23 25
8 24 18
8 25 96
8 26 53
8 27 25
8 28 59
8 29 98
8 30 19
8 31 66
8 32 51
8 33 53
8 34 8
8 35 9
8 36 19
8 37 42
8 38 24
8 39 4
8 40 56
8 41 6
8 42 52
8 43 61
8 44 7
8 45 16
8 46 92
8 47 3
8 48 36
8 49 97
9 10 87
9 11 49
9 12 64
9 13 3
9 14 73
9 15 34
9 16 98
9 17 26
9 18 58
9 19 9
9 20 75
9 21 77
9 22 26
9 23 26
9 24 29
9 25 33
9 26 34
9 27 99
9 28 26
9 29 9
9 30 54
9 31 82
9 32 67
9 33 5
9 34 94
9 35 25
9 36 72
9 37 85
9 38 28
9 39 8
9 40 34
9 41 14
9 42 56
9 43 49
9 44 16
9 45 80
9 46 82
9 47 14
9 48 57
9 49 92
10 11 74
10 12 84
10 13 68
10 14 99
10 15 61
10 16 48
10 17 84
10 18 46
10 19 98
10 20 9
10 21 7
10 22 51
10 23 42
10 24 73
10 25 8
10 26 35
10 27 97
10 28 79
10 29 72
10 30 24
10 31 38
10 32 57
10 33 37
10 34 45
10 35 5
10 36 5
10 37 77
10 38 39
10 39 70
10 40 33
10 41 30
10 42 43
10 43 68
10 44 49
10 45 41
10 46 28
10 47 48
10 48 24
10 49 26
11 12 45
11 13 85
11 14 32
11 15 95
11 16 26
11 17 4
11 18 54
11 19 61
11 20 52
11 21 33
11 22 84
11 23 28
11 24 70
11 25 40
11 26 64
11 27 15
11 28 44
11 29 20
11 30 91
11 31 34
11 32 89
11 33 75
11 34 63
11 35 31
11 36 95
11 37 63
11 38 24
11 39 22
11 40 62
11 41 47
11 42 99
11 43 6
11 44 31
11 45 30
11 46 53
11 47 57
11 48 85
11 49 6
12 13 69
12 14 37
12 15 90
12 16 52
12 17 64
12 18 60
12 19 91
12 20 79
12 21 26
12 22 86
12 23 99
12 24 68
12 25 20
12 26 39
12 27 42
12 28 34
12 29 22
12 30 36
12 31 49
12 32 45
12 33 10
12 34 10
12 35 43
12 36 8
12 37 68
12 38 74
12 39 90
12 40 20
12 41 82
12 42 74
12 43 77
12 44 2
12 45 10
12 46 19
12 47 5
12 48 25
12 49 30
13 14 95
13 15 4
13 16 55
13 17 32
13 18 54
13 19 22
13 20 51
13 21 44
13 22 15
13 23 85
13 24 65
13 25 3
13 26 85
13 27 9
13 28 64
13 29 94
13 30 52
13 31 23
13 32 61
13 33 77
13 34 12
13 35 32
13 36 10
13 37 38
13 38 61
13 39 63
13 40 99
13 41 79
13 42 67
13 43 24
13 44 8
13 45 13
13 46 79
13 47 62
13 48 44
13 49 84
14 15 35
14 16 95
14 17 27
14 18 1
14 19 31
14 20 92
14 21 55
14 22 15
14 23 52
14 24 70
14 25 60
14 26 55
14 27 93
14 28 21
14 29 83
14 30 56
14 31 52
14 32 92
14 33 93
14 34 12
14 35 54
14 36 92
14 37 42
14 38 20
14 39 67
14 40 49
14 41 84
14 42 45
14 43 62
14 44 28
14 45 28
14 46 48
14 47 74
14 48 6
14 49 1
15 16 4
15 17 49
15 18 7
15 19 70
15 20 1
15 21 77
15 22 81
15 23 7
15 24 21
15 25 1
15 26 90
15 27 76
15 28 5
15 29 33
15 30 69
15 31 68
15 32 39
15 33 12
15 34 10
15 35 10
15 36 78
15 37 10
15 38 94
15 39 22
15 40 72
15 41 21
15 42 1
15 43 71
15 44 94
15 45 58
15 46 23
15 47 49
15 48 7
15 49 30
16 17 70
16 18 59
16 19 6
16 20 50
16 21 65
16 22 26
16 23 3
16 24 6
16 25 1
16 26 7
16 27 39
16 28 21
16 29 74
16 30 77
16 31 84
16 32 35
16 33 86
16 34 61
16 35 45
16 36 79
16 37 34
16 38 68
16 39 99
16 40 86
16 41 90
16 42 44
16 43 44
16 44 13
16 45 92
16 46 2
16 47 42
16 48 13
16 49 60
17 18 47
17 19 63
17 20 24
17 21 24
17 22 65
17 23 30
17 24 76
17 25 23
17 26 20
17 27 49
17 28 96
17 29 96
17 30 32
17 31 83
17 32 33
17 33 45
17 34 79
17 35 12
17 36 30
17 37 98
17 38 62
17 39 16
17 40 87
17 41 6
17 42 11
17 43 51
17 44 49
17 45 12
17 46 92
17 47 62
17 48 71
17 49 90
18 19 76
18 20 46
18 21 65
18 22 40
18 23 27
18 24 41
18 25 14
18 26 98
18 27 41
18 28 61
18 29 93
18 30 72
18 31 43
18 32 26
18 33 68
18 34 73
18 35 89
18 36 98
18 37 70
18 38 50
18 39 65
18 40 9
18 41 7
18 42 27
18 43 59
18 44 56
18 45 90
18 46 3
18 47 69
18 48 60
18 49 92
19 20 44
19 21 57
19 22 57
19 23 35
19 24 36
19 25 49
19 26 48
19 27 33
19 28 89
19 29 8
19 30 78
19 31 12
19 32 3
19 33 3
19 34 80
19 35 75
19 36 43
19 37 29
19 38 45
19 39 92
19 40 45
19 41 5
19 42 99
19 43 71
19 44 63
19 45 6
19 46 60
19 47 65
19 48 74
19 49 71
20 21 9
20 22 17
20 23 79
20 24 17
20 25 3
20 26 14
20 27 65
20 28 50
20 29 99
20 30 5
20 31 9
20 32 76
20 33 16
20 34 11
20 35 30
20 36 95
20 37 38
20 38 72
20 39 75
20 40 34
20 41 15
20 42 19
20 43 38
20 44 13
20 45 41
20 46 52
20 47 18
20 48 100
20 49 17
21 22 43
21 23 22
21 24 25
21 25 11
21 26 1
21 27 41
21 28 13
21 29 66
21 30 57
21 31 14
21 32 64
21 33 61
21 34 75
21 35 91
21 36 76
21 37 37
21 38 20
21 39 23
21 40 74
21 41 43
21 42 49
21 43 7
21 44 58
21 45 68
21 46 96
21 47 22
21 48 60
21 49 48
22 23 92
22 24 60
22 25 64
22 26 34
22 27 33
22 28 40
22 29 45
22 30 85
22 31 32
22 32 9
22 33 51
22 34 40
22 35 75
22 36 66
22 37 100
22 38 49
22 39 57
22 40 27
22 41 85
22 42 28
22 43 1
22 44 11
22 45 23
22 46 50
22 47 17
22 48 80
22 49 69
23 24 65
23 25 1
23 26 28
23 27 12
23 28 44
23 29 39
23 30 27
23 31 78
23 32 72
23 33 18
23 34 74
23 35 56
23 36 49
23 37 34
23 38 58
23 39 88
23 40 8
23 41 24
23 42 39
23 43 56
23 44 32
23 45 65
23 46 93
23 47 11
23 48 66
23 49 3
24 25 33
24 26 15
24 27 71
24 28 64
24 29 35
24 30 35
24 31 17
24 32 62
24 33 46
24 34 60
24 35 1
24 36 24
24 37 37
24 38 24
24 39 41
24 40 62
24 41 31
24 42 89
24 43 96
24 44 89
24 45 28
24 46 3
24 47 64
24 48 66
24 49 11
25 26 47
25 27 83
25 28 3
25 29 57
25 30 48
25 31 5
25 32 42
25 33 14
25 34 75
25 35 5
25 36 48
25 37 10
25 38 21
25 39 61
25 40 7
25 41 81
25 42 13
25 43 31
25 44 69
25 45 88
25 46 23
25 47 31
25 48 19
25 49 12
26 27 78
26 28 59
26 29 91
26 30 32
26 31 74
26 32 9
26 33 42
26 34 20
26 35 91
26 36 96
26 37 28
26 38 90
26 39 100
26 40 69
26 41 3
26 42 27
26 43 74
26 44 2
26 45 88
26 46 46
26 47 14
26 48 94
26 49 26
27 28 27
27 29 76
27 30 95
27 31 14
27 32 99
27 33 77
27 34 84
27 35 62
27 36 6
27 37 42
27 38 4
27 39 37
27 40 67
27 41 12
27 42 31
27 43 86
27 44 2
27 45 26
27 46 66
27 47 91
27 48 78
27 49 34
28 29 45
28 30 4
28 31 59
28 32 98
28 33 43
28 34 5
28 35 12
28 36 88
28 37 82
28 38 90
28 39 64
28 40 28
28 41 55
28 42 14
28 43 4
28 44 39
28 45 27
28 46 61
28 47 32
28 48 30
28 49 50
29 30 51
29 31 42
29 32 80
29 33 88
29 34 43
29 35 57
29 36 53
29 37 86
29 38 86
29 39 39
29 40 82
29 41 89
29 42 49
29 43 80
29 44 83
29 45 53
29 46 43
29 47 71
29 48 87
29 49 84
30 31 86
30 32 14
30 33 38
30 34 99
30 35 70
30 36 28
30 37 25
30 38 30
30 39 12
30 40 6
30 41 79
30 42 62
30 43 47
30 44 10
30 45 1
30 46 42
30 47 67
30 48 54
30 49 27
31 32 52
31 33 44
31 34 60
31 35 93
31 36 92
31 37 91
31 38 75
31 39 97
31 40 85
31 41 97
31 42 83
31 43 68
31 44 82
31 45 96
31 46 58
31 47 80
31 48 65
31 49 37
32 33 56
32 34 47
32 35 100
32 36 62
32 37 77
32 38 13
32 39 60
32 40 87
32 41 14
32 42 1
32 43 5
32 44 67
32 45 79
32 46 56
32 47 10
32 48 39
32 49 100
33 34 1
33 35 81
33 36 27
33 37 49
33 38 66
33 39 23
33 40 31
33 41 33
33 42 5
33 43 79
33 44 42
33 45 36
33 46 95
33 47 79
33 48 44
33 49 41
34 35 78
34 36 57
34 37 18
34 38 91
34 39 16
34 40 56
34 41 56
34 42 69
34 43 60
34 44 22
34 45 47
34 46 67
34 47 83
34 48 37
34 49 67
35 36 35
35 37 70
35 38 45
35 39 84
35 40 35
35 41 67
35 42 66
35 43 67
35 44 23
35 45 44
35 46 61
35 47 11
35 48 91
35 49 39
36 37 54
36 38 31
36 39 68
36 40 62
36 41 100
36 42 10
36 43 77
36 44 55
36 45 65
36 46 97
36 47 66
36 48 38
36 49 96
37 38 33
37 39 20
37 40 84
37 41 51
37 42 7
37 43 53
37 44 95
37 45 90
37 46 87
37 47 13
37 48 7
37 49 6
38 39 36
38 40 51
38 41 66
38 42 98
38 43 93
38 44 56
38 45 3
38 46 23
38 47 23
38 48 64
38 49 75
39 40 33
39 41 92
39 42 81
39 43 49
39 44 89
39 45 47
39 46 87
39 47 84
39 48 31
39 49 58
40 41 67
40 42 81
40 43 64
40 44 20
40 45 27
40 46 5
40 47 58
40 48 39
40 49 12
41 42 63
41 43 26
41 44 14
41 45 80
41 46 75
41 47 6
41 48 35
41 49 77
42 43 80
42 44 58
42 45 40
42 46 54
42 47 42
42 48 32
42 49 87
43 44 90
43 45 20
43 46 85
43 47 76
43 48 55
43 49 67
44 45 86
44 46 21
44 47 99
44 48 49
44 49 92
45 46 25
45 47 54
45 48 50
45 49 15
46 47 65
46 48 64
46 49 93
47 48 30
47 49 44
48 49 67
62
56
24
24
29
17
9
97
47
42
5
25
22
11
59
16
97
87
26
65
7
38
9
66
74
94
2
23
14
65
42
42
87
32
66
16
49
75
79
97
83
50
21
71
62
47
87
24
100
79
55
6
16
64
73
57
23
41
80
37
72
88
45
58
19
78
40
69
18
86
31
1
35
18
38
63
65
25
54
64
70
8
37
87
39
9
43
62
50
22
66
21
10
10
45
96
88
86
30
73
37
61
40
72
46
78
1
10
2
55
41
73
29
78
25
68
53
68
97
2
56
62
90
32
38
34
95
93
86
24
65
89
52
4
27
98
82
28
74
51
49
14
90
44
58
14
12
10
48
75
79
70
36
68
69
40
69
63
32
20
53
97
9
4
67
36
1
49
30
42
66
79
22
55
22
81
35
0
91
83
41
36
18
77
3
53
84
38
15
15
25
69
79
0
73
45
36
41
60
32
49
92
77
71
46
65
51
81
66
8
29
6
44
14
50
13
67
33
18
49
14
43
17
59
43
56
71
45
63
97
77
11
89
53
83
34
17
100
82
49
7
77
22
17
91
38
98
24
37
15
73
51
24
56
77
67
78
47
78
41
43
54
18
31
73
67
32
90
67
13
5
40
56
27
58
13
65
55
37
1
36
9
18
60
31
95
93
8
7
70
15
51
90
34
48
62
0
80
17
33
59
22
40
82
15
98
95
46
18
31
13
20
6
32
80
37
93
72
45
67
7
61
84
97
95
31
58
61
78
41
61
2
64
0
84
45
64
78
92
48
75
4
68
81
2
13
17
62
51
63
28
58
90
11
54
50
8
78
10
86
18
37
55
48
37
38
94
0
83
85
14
57
55
82
38
58
95
21
19
45
50
13
69
39
91
22
89
99
66
66
51
85
2
5
32
6
9
92
73
92
76
88
15
31
69
19
55
30
40
40
41
91
53
77
96
9
65
85
7
31
16
58
82
85
29
80
91
39
72
30
97
13
17
11
10
52
30
65
48
37
71
90
27
90
66
22
99
30
73
6
27
89
30
8
40
60
89
30
99
26
60
95
39
43
73
50
96
2
81
43
39
52
99
32
41
30
21
40
27
94
46
54
49
76
29
89
35
84
85
100
9
45
61
48
54
33
64
49
1
45
59
7
63
57
39
3
88
60
43
14
20
55
34
69
98
63
57
99
46
41
65
21
52
25
36
6
58
100
21
25
10
80
32
73
37
72
43
91
98
52
71
17
7
4
86
71
34
8
69
46
16
33
68
68
24
70
40
48
35
62
74
46
41
5
85
44
43
27
34
7
46
4
24
53
76
77
90
9
85
24
55
0
58
89
35
48
58
75
97
94
36
70
5
44
41
90
88
51
84
89
58
29
93
82
48
68
58
3
77
9
27
99
76
51
87
10
100
11
86
96
71
88
31
76
98
72
31
86
22
81
74
80
76
32
28
23
67
52
26
9
61
20
7
3
71
61
13
70
38
65
65
8
53
96
84
50
34
14
1
22
62
41
69
37
74
63
27
40
14
19
15
42
39
23
45
10
50
24
80
88
90
11
62
42
73
45
58
73
25
60
96
87
0
30
24
40
93
51
46
73
70
62
14
76
51
25
86
67
50
65
20
39
42
82
47
15
93
4
88
17
30
49
71
31
79
61
37
71
78
84
44
13
11
24
89
28
50
74
95
66
5
14
4
13
62
51
28
54
21
83
71
52
31
7
49
10
68
86
47
11
35
91
25
12
15
13
40
31
54
34
97
25
14
67
38
76
84
33
29
4
15
67
22
46
74
37
22
8
90
70
19
24
60
10
3
41
91
43
38
10
44
0
35
58
67
39
0
50
72
29
21
53
62
9
100
2
47
21
10
36
57
96
26
17
73
29
24
63
73
29
73
83
29
74
40
97
12
40
12
51
36
100
3
98
9
69
100
56
91
76
92
47
38
17
30
10
47
21
39
86
50
11
68
45
85
74
7
63
81
20
13
83
19
84
46
95
52
12
50
8
54
7
22
92
25
52
68
38
39
6
90
55
84
23
0
34
63
74
98
9
94
77
92
80
26
4
40
79
16
91
87
70
98
8
62
89
27
96
93
32
2
82
88
52
71
54
87
34
27
50
43
88
93
1
33
19
5
73
98
21
29
50
57
94
59
85
82
52
81
41
84
49
89
37
0
60
91
87
60
85
36
2
38
29
70
71
14
41
9
11
62
39
61
86
99
86
70
46
37
50
87
88
99
76
24
66
35
15
52
95
66
55
63
3
50
100
40
64
40
49
41
2
54
68
88
52
54
23
99
57
74
51
44
38
26
69
70
27
50
89
21
82
43
51
85
59
50
91
89
90
39
29
58
60
97
11
78
16
35
42
40
75
94
84
79
86
18
49
13
34
37
0
15
46
51
66
71
67
56
59
23
96
54
81
21
16
59
99
100
60
7
39
34
0
22
79
86
7
94
65
41
97
66
23
8
83
89
79
16
45
3
39
6
23
86
27
40
44
92
39
3
99
44
3
65
66
83
17
39
42
48
81
39
13
3
47
63
92
26
45
2
96
84
8
86
35
1
25
80
60
30
49
24
74
19
90
5
68
73
45
9
20
92
48
0
61
96
63
18
88
74
21
49
57
96
34
92
98
25
37
57
21
53
81
61
72
36
67
5
8
78
14
29
69
63
96
96
24
24
13
78
98
34
26
54
30
27
11
94
52
15
50
74
34
97
34
72
100
67
77
7
44
57
2
79
19
98
74
9
88
88
53
85
88
80
4
84
6
83
77
24
64
93
98
98
