50 100
0 10 8
0 27 8
0 31 8
0 43 9
1 3 8
1 9 10
1 30 3
1 35 10
2 23 4
2 29 5
2 47 6
3 6 9
3 8 7
3 27 9
3 35 4
4 19 4
5 12 1
5 22 6
5 27 6
6 12 3
7 3 7
7 6 3
7 12 4
8 5 2
8 16 5
8 48 9
9 41 8
10 17 7
11 2 6
11 39 2
12 36 6
13 26 4
13 47 7
14 34 7
15 13 1
16 14 10
18 6 9
18 23 1
21 1 6
21 11 7
21 26 10
21 40 6
21 46 9
23 35 6
23 41 3
24 2 4
24 3 10
25 40 8
26 5 5
26 20 2
26 48 5
27 44 7
28 0 6
28 10 10
28 21 1
28 32 5
28 36 10
28 49 4
29 46 4
30 19 3
31 7 8
31 37 2
31 43 1
32 5 3
32 9 9
32 14 5
32 19 8
32 25 2
32 33 10
32 40 7
33 4 10
34 22 6
34 43 3
35 15 2
37 9 10
37 36 1
39 12 7
39 34 1
40 9 7
40 13 2
40 17 5
41 1 9
41 30 1
41 32 6
41 45 8
42 29 2
43 7 6
43 18 7
43 24 4
43 40 9
44 7 9
44 17 5
44 36 10
47 15 5
47 38 5
48 11 1
48 15 6
48 42 1
49 3 1
49 45 6
9
0
6
7
9
0
3
7
7
4
10
2
0
8
7
5
1
3
5
0
6
2
9
5
6
6
4
10
4
7
2
10
4
10
5
2
7
3
7
9
6
0
9
0
3
2
3
4
8
5
3
5
10
8
7
6
7
1
10
9
5
8
2
3
6
3
0
0
7
4
9
10
1
8
1
2
6
9
5
9
2
1
1
7
2
3
5
6
6
7
3
10
4
2
9
8
2
1
4
7
4
2
10
10
2
2
7
5
5
6
3
0
8
0
5
5
3
1
4
7
6
9
2
6
7
10
3
8
4
8
7
9
7
1
2
7
10
7
6
2
6
8
9
5
8
6
7
2
8
7
1
6
0
0
7
8
1
0
5
1
2
1
9
7
7
2
7
6
8
7
5
4
7
6
5
10
8
8
2
3
5
9
0
10
3
10
9
9
10
7
0
1
4
6
3
4
1
0
9
8
1
4
2
10
7
2
5
9
6
3
5
2
1
9
3
6
3
1
10
4
7
8
6
7
10
8
3
4
9
5
1
10
10
0
3
6
9
6
6
10
3
1
6
1
0
5
4
5
7
6
3
10
4
7
4
8
7
8
4
6
7
10
5
5
4
7
7
7
9
7
1
8
5
6
2
9
6
9
1
9
4
0
9
5
10
5
1
6
9
5
4
9
2
3
2
4
1
8
0
3
9
1
6
3
9
9
7
9
0
6
3
5
9
3
8
9
5
0
10
9
0
0
9
5
6
5
9
10
2
2
1
9
5
2
0
8
8
5
1
6
7
9
5
0
2
7
7
9
7
7
9
2
5
6
5
8
8
7
6
3
1
6
10
2
0
2
10
10
3
9
6
5
8
6
0
9
0
2
4
3
0
9
2
1
10
9
5
2
4
0
6
9
6
1
5
3
7
2
2
6
7
5
0
2
2
9
6
2
8
10
6
1
6
1
3
1
6
10
4
4
8
10
1
5
8
9
7
9
3
8
4
0
10
2
10
6
3
1
8
10
7
1
9
6
9
3
4
5
1
3
9
8
8
0
1
6
0
0
10
6
5
2
0
5
5
10
7
2
0
3
2
4
3
3
3
6
9
8
9
9
6
8
0
2
0
1
0
0
10
2
1
6
1
0
10
6
10
2
9
6
0
8
2
0
6
9
7
7
5
2
0
6
10
7
7
5
10
1
2
4
4
2
1
7
0
2
4
1
8
4
2
1
8
1
4
9
5
0
9
4
10
8
6
8
2
0
10
0
9
0
10
3
8
0
3
2
4
6
2
0
5
8
10
1
7
4
7
7
2
10
2
0
6
9
2
7
10
2
5
8
10
7
2
0
7
9
6
2
7
4
3
7
8
5
10
9
8
6
2
10
5
5
2
0
7
0
10
5
8
8
0
6
9
1
0
2
0
0
5
6
3
10
7
9
10
1
1
1
5
7
6
4
2
2
10
6
8
8
3
10
3
2
6
3
8
9
7
10
10
6
3
1
8
2
9
9
8
2
1
10
6
7
1
3
0
7
2
10
2
5
6
10
3
3
5
4
9
4
2
0
7
6
5
5
0
5
10
4
8
9
0
6
4
7
2
1
6
6
1
1
7
2
1
6
8
1
0
8
8
4
9
7
1
6
1
6
7
3
6
0
7
7
10
9
7
6
4
8
10
2
7
2
3
7
7
9
7
6
4
8
7
9
0
8
8
5
10
7
4
2
3
3
5
9
2
8
0
8
9
0
0
2
6
4
2
3
0
2
7
5
0
8
3
0
0
2
10
7
7
5
0
6
10
10
5
4
0
2
4
0
2
10
10
10
3
1
8
7
4
5
5
8
6
5
9
4
6
0
1
7
10
5
7
6
7
5
1
2
9
3
8
5
4
3
0
9
6
0
2
2
7
5
6
1
6
3
3
9
1
7
0
8
4
7
1
10
9
1
3
10
2
2
7
6
8
3
10
6
3
6
6
3
3
5
7
2
3
9
10
0
10
8
2
3
1
6
10
10
8
0
9
8
3
9
5
5
7
9
10
2
7
3
6
6
7
8
1
6
9
8
1
3
0
1
1
4
3
4
5
4
8
5
2
5
9
10
2
1
0
7
10
1
6
9
9
0
2
9
2
6
3
7
7
1
2
1
5
10
10
4
2
10
0
7
8
0
10
0
0
7
8
6
8
8
4
9
9
10
5
4
9
2
7
5
5
1
4
4
10
5
8
1
4
10
6
5
7
6
6
2
4
1
2
8
9
2
0
7
5
6
4
2
5
3
10
10
10
2
0
0
9
2
9
8
8
2
0
9
4
5
7
5
4
4
1
3
10
5
1
10
1
9
3
7
8
10
3
9
9
4
8
10
4
0
8
6
10
5
7
9
0
5
5
7
7
4
8
7
0
5
4
9
9
10
7
2
3
6
6
5
10
4
1
5
1
1
1
4
6
3
2
8
10
2
0
8
8
4
10
2
5
9
3
9
1
2
5
0
5
7
3
7
0
9
7
9
2
0
8
4
8
2
8
9
1
2
7
10
4
9
4
0
6
2
2
6
10
10
0
7
6
6
9
9
10
10
0
0
9
2
4
6
3
9
8
9
7
6
3
5
8
3
5
9
9
0
9
0
2
0
2
3
4
3
1
7
6
0
7
5
0
10
3
2
9
9
3
5
0
4
2
8
9
7
6
1
2
7
1
4
10
2
7
7
4
0
7
4
0
5
1
1
5
8
6
0
1
10
8
10
2
2
0
3
10
6
0
1
4
0
6
5
5
8
9
9
9
4
6
4
6
0
8
8
0
