50 100
0 6 2
0 17 3
0 34 10
1 15 10
1 27 10
1 46 2
2 19 1
2 38 4
3 1 5
3 23 1
3 36 9
3 40 10
3 48 10
4 47 3
5 11 8
5 17 2
5 20 6
5 25 9
5 45 5
5 49 1
8 20 6
8 24 5
8 35 8
9 12 4
9 18 9
9 39 9
10 29 2
11 1 10
11 16 10
11 34 6
13 2 1
14 11 7
15 20 7
16 20 5
16 45 5
17 4 3
17 9 1
17 45 1
19 18 10
19 38 1
19 48 2
20 0 5
20 2 6
20 36 1
20 48 7
22 9 5
22 32 10
22 33 5
22 42 2
23 13 6
23 44 8
24 4 2
24 13 10
24 14 8
24 29 1
24 42 1
24 47 9
25 30 2
25 47 10
26 16 5
26 47 4
27 3 5
29 27 5
30 22 8
30 28 9
31 0 9
31 10 7
31 29 1
31 35 9
33 2 4
33 36 3
35 7 4
35 23 7
36 7 6
36 18 8
36 39 4
37 44 5
39 0 8
41 5 2
41 8 6
41 15 4
41 22 3
41 26 9
41 31 8
41 43 6
41 48 3
43 10 4
43 18 4
44 7 4
44 35 2
44 41 6
45 6 2
45 35 10
45 37 4
46 19 2
46 21 10
46 45 1
48 4 4
48 34 1
48 37 7
9
0
6
7
9
0
3
7
7
4
10
2
0
8
7
5
1
3
5
0
6
2
9
5
6
6
4
10
4
7
2
10
4
10
5
2
7
3
7
9
6
0
9
0
3
2
3
4
8
5
3
5
10
8
7
6
7
1
10
9
5
8
2
3
6
3
0
0
7
4
9
10
1
8
1
2
6
9
5
9
2
1
1
7
2
3
5
6
6
7
3
10
4
2
9
8
2
1
4
7
4
2
10
10
2
2
7
5
5
6
3
0
8
0
5
5
3
1
4
7
6
9
2
6
7
10
3
8
4
8
7
9
7
1
2
7
10
7
6
2
6
8
9
5
8
6
7
2
8
7
1
6
0
0
7
8
1
0
5
1
2
1
9
7
7
2
7
6
8
7
5
4
7
6
5
10
8
8
2
3
5
9
0
10
3
10
9
9
10
7
0
1
4
6
3
4
1
0
9
8
1
4
2
10
7
2
5
9
6
3
5
2
1
9
3
6
3
1
10
4
7
8
6
7
10
8
3
4
9
5
1
10
10
0
3
6
9
6
6
10
3
1
6
1
0
5
4
5
7
6
3
10
4
7
4
8
7
8
4
6
7
10
5
5
4
7
7
7
9
7
1
8
5
6
2
9
6
9
1
9
4
0
9
5
10
5
1
6
9
5
4
9
2
3
2
4
1
8
0
3
9
1
6
3
9
9
7
9
0
6
3
5
9
3
8
9
5
0
10
9
0
0
9
5
6
5
9
10
2
2
1
9
5
2
0
8
8
5
1
6
7
9
5
0
2
7
7
9
7
7
9
2
5
6
5
8
8
7
6
3
1
6
10
2
0
2
10
10
3
9
6
5
8
6
0
9
0
2
4
3
0
9
2
1
10
9
5
2
4
0
6
9
6
1
5
3
7
2
2
6
7
5
0
2
2
9
6
2
8
10
6
1
6
1
3
1
6
10
4
4
8
10
1
5
8
9
7
9
3
8
4
0
10
2
10
6
3
1
8
10
7
1
9
6
9
3
4
5
1
3
9
8
8
0
1
6
0
0
10
6
5
2
0
5
5
10
7
2
0
3
2
4
3
3
3
6
9
8
9
9
6
8
0
2
0
1
0
0
10
2
1
6
1
0
10
6
10
2
9
6
0
8
2
0
6
9
7
7
5
2
0
6
10
7
7
5
10
1
2
4
4
2
1
7
0
2
4
1
8
4
2
1
8
1
4
9
5
0
9
4
10
8
6
8
2
0
10
0
9
0
10
3
8
0
3
2
4
6
2
0
5
8
10
1
7
4
7
7
2
10
2
0
6
9
2
7
10
2
5
8
10
7
2
0
7
9
6
2
7
4
3
7
8
5
10
9
8
6
2
10
5
5
2
0
7
0
10
5
8
8
0
6
9
1
0
2
0
0
5
6
3
10
7
9
10
1
1
1
5
7
6
4
2
2
10
6
8
8
3
10
3
2
6
3
8
9
7
10
10
6
3
1
8
2
9
9
8
2
1
10
6
7
1
3
0
7
2
10
2
5
6
10
3
3
5
4
9
4
2
0
7
6
5
5
0
5
10
4
8
9
0
6
4
7
2
1
6
6
1
1
7
2
1
6
8
1
0
8
8
4
9
7
1
6
1
6
7
3
6
0
7
7
10
9
7
6
4
8
10
2
7
2
3
7
7
9
7
6
4
8
7
9
0
8
8
5
10
7
4
2
3
3
5
9
2
8
0
8
9
0
0
2
6
4
2
3
0
2
7
5
0
8
3
0
0
2
10
7
7
5
0
6
10
10
5
4
0
2
4
0
2
10
10
10
3
1
8
7
4
5
5
8
6
5
9
4
6
0
1
7
10
5
7
6
7
5
1
2
9
3
8
5
4
3
0
9
6
0
2
2
7
5
6
1
6
3
3
9
1
7
0
8
4
7
1
10
9
1
3
10
2
2
7
6
8
3
10
6
3
6
6
3
3
5
7
2
3
9
10
0
10
8
2
3
1
6
10
10
8
0
9
8
3
9
5
5
7
9
10
2
7
3
6
6
7
8
1
6
9
8
1
3
0
1
1
4
3
4
5
4
8
5
2
5
9
10
2
1
0
7
10
1
6
9
9
0
2
9
2
6
3
7
7
1
2
1
5
10
10
4
2
10
0
7
8
0
10
0
0
7
8
6
8
8
4
9
9
10
5
4
9
2
7
5
5
1
4
4
10
5
8
1
4
10
6
5
7
6
6
2
4
1
2
8
9
2
0
7
5
6
4
2
5
3
10
10
10
2
0
0
9
2
9
8
8
2
0
9
4
5
7
5
4
4
1
3
10
5
1
10
1
9
3
7
8
10
3
9
9
4
8
10
4
0
8
6
10
5
7
9
0
5
5
7
7
4
8
7
0
5
4
9
9
10
7
2
3
6
6
5
10
4
1
5
1
1
1
4
6
3
2
8
10
2
0
8
8
4
10
2
5
9
3
9
1
2
5
0
5
7
3
7
0
9
7
9
2
0
8
4
8
2
8
9
1
2
7
10
4
9
4
0
6
2
2
6
10
10
0
7
6
6
9
9
10
10
0
0
9
2
4
6
3
9
8
9
7
6
3
5
8
3
5
9
9
0
9
0
2
0
2
3
4
3
1
7
6
0
7
5
0
10
3
2
9
9
3
5
0
4
2
8
9
7
6
1
2
7
1
4
10
2
7
7
4
0
7
4
0
5
1
1
5
8
6
0
1
10
8
10
2
2
0
3
10
6
0
1
4
0
6
5
5
8
9
9
9
4
6
4
6
0
8
8
0
