25 56
2 3 5.964948349357266
17 18 1.2273263991294283
17 22 5.59422021711695
16 17 27.824208963045116
11 14 14.037577178576797
9 16 4.456249768011212
5 8 3.403583083119905
0 1 3.3422214795701453
2 9 4.108244233635581
2 21 24.265459949535277
10 11 5.291661527053675
5 7 8.973773884169352
6 7 2.150416501355026
17 21 10.943576886895796
2 16 7.494610079763993
23 24 5.13580450084502
13 16 6.695663526208588
10 14 8.810413917915549
12 24 14.164116785585328
15 21 6.9815040055420745
17 19 7.752773909672587
22 24 6.199120304696467
13 15 10.736263911109868
8 9 4.208328932830703
2 17 35.00736394256072
22 23 1.722675252739183
3 6 6.712359040605609
17 20 9.831668040617522
5 13 12.456199315991213
0 6 1.3860319178503797
2 20 35.156452031921546
2 15 17.462700392462224
1 6 4.726371856932131
3 9 8.974512316739002
19 20 2.111000131975363
11 12 3.1486796018648797
9 22 28.41649745703541
21 22 9.239077390053609
5 14 6.016933938743222
9 13 8.82217453990228
15 16 10.376079241119937
18 21 9.847501583985647
5 9 7.586341173517049
3 8 7.371948315947425
4 5 6.094931419376266
0 7 3.534496748562656
13 17 26.094668586885717
12 13 3.7587646860637607
10 13 7.3016670485650055
13 22 21.474547497654054
2 6 12.629644338765033
15 17 17.54501700446027
11 13 3.3470098309386502
4 7 3.510037674683847
8 13 10.577742338599473
0 2 13.69126983971902
1
1
1
1
1
1
1
1
1
1
1
1
1
1
1
1
1
1
1
1
1
1
1
1
1
1
1
1
1
1
1
1
1
1
1
1
1
1
1
1
1
1
1
1
1
1
1
1
1
1
1
1
1
1
1
1
1
1
1
1
1
1
1
1
1
1
1
1
1
1
1
1
1
1
1
1
1
1
1
1
1
1
1
1
1
1
1
1
1
1
1
1
1
1
1
1
1
1
1
1
1
1
1
1
1
1
1
1
1
1
1
1
1
1
1
1
1
1
1
1
1
1
1
1
1
1
1
1
1
1
1
1
1
1
1
1
1
1
1
1
1
1
1
1
1
1
1
1
1
1
1
1
1
1
1
1
1
1
1
1
1
1
1
1
1
1
1
1
1
1
1
1
1
1
1
1
1
1
1
1
1
1
1
1
1
1
1
1
1
1
1
1
1
1
1
1
1
1
1
1
1
1
1
1
1
1
1
1
1
1
1
1
1
1
1
1
1
1
1
1
1
1
1
1
1
1
1
1
1
1
1
1
1
1
1
1
1
1
1
1
1
1
1
1
1
1
1
1
1
1
1
1
1
1
1
1
1
1
1
1
1
1
1
1
1
1
1
1
1
1
1
1
1
1
1
1
1
1
1
1
1
1
1
1
1
1
1
1
1
1
1
1
1
1
1
1
1
1
1
1
