35 595
0 1 1
0 2 7
0 3 4
0 4 8
0 5 9
0 6 4
0 7 12
0 8 6
0 9 9
0 10 11
0 11 7
0 12 10
0 13 7
0 14 9
0 15 7
0 16 8
0 17 3
0 18 3
0 19 6
0 20 8
0 21 7
0 22 10
0 23 12
0 24 2
0 25 5
0 26 9
0 27 8
0 28 10
0 29 6
0 30 8
0 31 11
0 32 4
0 33 3
0 34 7
1 2 6
1 3 3
1 4 7
1 5 8
1 6 3
1 7 11
1 8 5
1 9 8
1 10 10
1 11 6
1 12 9
1 13 6
1 14 8
1 15 6
1 16 7
1 17 2
1 18 2
1 19 5
1 20 7
1 21 6
1 22 9
1 23 11
1 24 1
1 25 4
1 26 8
1 27 7
1 28 9
1 29 5
1 30 7
1 31 10
1 32 3
1 33 2
1 34 6
2 3 3
2 4 5
2 5 4
2 6 7
2 7 9
2 8 1
2 9 6
2 10 8
2 11 4
2 12 7
2 13 2
2 14 4
2 15 4
2 16 1
2 17 4
2 18 6
2 19 3
2 20 5
2 21 2
2 22 5
2 23 9
2 24 5
2 25 2
2 26 4
2 27 5
2 28 7
2 29 3
2 30 3
2 31 8
2 32 7
2 33 6
2 34 4
3 4 4
3 5 5
3 6 4
3 7 8
3 8 2
3 9 5
3 10 7
3 11 3
3 12 6
3 13 3
3 14 5
3 15 3
3 16 4
3 17 1
3 18 3
3 19 2
3 20 4
3 21 3
3 22 6
3 23 8
3 24 2
3 25 1
3 26 5
3 27 4
3 28 6
3 29 2
3 30 4
3 31 7
3 32 4
3 33 3
3 34 3
4 5 7
4 6 8
4 7 10
4 8 4
4 9 7
4 10 9
4 11 1
4 12 8
4 13 5
4 14 7
4 15 5
4 16 6
4 17 5
4 18 7
4 19 4
4 20 6
4 21 5
4 22 8
4 23 10
4 24 6
4 25 3
4 26 7
4 27 6
4 28 8
4 29 2
4 30 6
4 31 9
4 32 8
4 33 7
4 34 3
5 6 9
5 7 11
5 8 3
5 9 8
5 10 10
5 11 6
5 12 9
5 13 4
5 14 2
5 15 6
5 16 5
5 17 6
5 18 8
5 19 5
5 20 7
5 21 2
5 22 3
5 23 11
5 24 7
5 25 4
5 26 2
5 27 7
5 28 9
5 29 5
5 30 1
5 31 10
5 32 9
5 33 8
5 34 6
6 7 12
6 8 6
6 9 9
6 10 11
6 11 7
6 12 10
6 13 7
6 14 9
6 15 7
6 16 8
6 17 3
6 18 1
6 19 6
6 20 8
6 21 7
6 22 10
6 23 12
6 24 2
6 25 5
6 26 9
6 27 8
6 28 10
6 29 6
6 30 8
6 31 11
6 32 2
6 33 3
6 34 7
7 8 8
7 9 3
7 10 3
7 11 9
7 12 2
7 13 9
7 14 11
7 15 5
7 16 10
7 17 9
7 18 11
7 19 6
7 20 4
7 21 9
7 22 12
7 23 2
7 24 10
7 25 7
7 26 11
7 27 6
7 28 4
7 29 8
7 30 10
7 31 1
7 32 12
7 33 11
7 34 9
8 9 5
8 10 7
8 11 3
8 12 6
8 13 1
8 14 3
8 15 3
8 16 2
8 17 3
8 18 5
8 19 2
8 20 4
8 21 1
8 22 4
8 23 8
8 24 4
8 25 1
8 26 3
8 27 4
8 28 6
8 29 2
8 30 2
8 31 7
8 32 6
8 33 5
8 34 3
9 10 2
9 11 6
9 12 1
9 13 6
9 14 8
9 15 2
9 16 7
9 17 6
9 18 8
9 19 3
9 20 1
9 21 6
9 22 9
9 23 3
9 24 7
9 25 4
9 26 8
9 27 3
9 28 1
9 29 5
9 30 7
9 31 2
9 32 9
9 33 8
9 34 6
10 11 8
10 12 1
10 13 8
10 14 10
10 15 4
10 16 9
10 17 8
10 18 10
10 19 5
10 20 3
10 21 8
10 22 11
10 23 3
10 24 9
10 25 6
10 26 10
10 27 5
10 28 3
10 29 7
10 30 9
10 31 2
10 32 11
10 33 10
10 34 8
11 12 7
11 13 4
11 14 6
11 15 4
11 16 5
11 17 4
11 18 6
11 19 3
11 20 5
11 21 4
11 22 7
11 23 9
11 24 5
11 25 2
11 26 6
11 27 5
11 28 7
11 29 1
11 30 5
11 31 8
11 32 7
11 33 6
11 34 2
12 13 7
12 14 9
12 15 3
12 16 8
12 17 7
12 18 9
12 19 4
12 20 2
12 21 7
12 22 10
12 23 2
12 24 8
12 25 5
12 26 9
12 27 4
12 28 2
12 29 6
12 30 8
12 31 1
12 32 10
12 33 9
12 34 7
13 14 4
13 15 4
13 16 3
13 17 4
13 18 6
13 19 3
13 20 5
13 21 2
13 22 5
13 23 9
13 24 5
13 25 2
13 26 4
13 27 5
13 28 7
13 29 3
13 30 3
13 31 8
13 32 7
13 33 6
13 34 4
14 15 6
14 16 5
14 17 6
14 18 8
14 19 5
14 20 7
14 21 2
14 22 3
14 23 11
14 24 7
14 25 4
14 26 2
14 27 7
14 28 9
14 29 5
14 30 1
14 31 10
14 32 9
14 33 8
14 34 6
15 16 5
15 17 4
15 18 6
15 19 1
15 20 1
15 21 4
15 22 7
15 23 5
15 24 5
15 25 2
15 26 6
15 27 1
15 28 3
15 29 3
15 30 5
15 31 4
15 32 7
15 33 6
15 34 4
16 17 5
16 18 7
16 19 4
16 20 6
16 21 3
16 22 6
16 23 10
16 24 6
16 25 3
16 26 5
16 27 6
16 28 8
16 29 4
16 30 4
16 31 9
16 32 8
16 33 7
16 34 5
17 18 2
17 19 3
17 20 5
17 21 4
17 22 7
17 23 9
17 24 1
17 25 2
17 26 6
17 27 5
17 28 7
17 29 3
17 30 5
17 31 8
17 32 3
17 33 2
17 34 4
18 19 5
18 20 7
18 21 6
18 22 9
18 23 11
18 24 1
18 25 4
18 26 8
18 27 7
18 28 9
18 29 5
18 30 7
18 31 10
18 32 1
18 33 2
18 34 6
19 20 2
19 21 3
19 22 6
19 23 6
19 24 4
19 25 1
19 26 5
19 27 2
19 28 4
19 29 2
19 30 4
19 31 5
19 32 6
19 33 5
19 34 3
20 21 5
20 22 8
20 23 4
20 24 6
20 25 3
20 26 7
20 27 2
20 28 2
20 29 4
20 30 6
20 31 3
20 32 8
20 33 7
20 34 5
21 22 3
21 23 9
21 24 5
21 25 2
21 26 2
21 27 5
21 28 7
21 29 3
21 30 1
21 31 8
21 32 7
21 33 6
21 34 4
22 23 12
22 24 8
22 25 5
22 26 1
22 27 8
22 28 10
22 29 6
22 30 2
22 31 11
22 32 10
22 33 9
22 34 7
23 24 10
23 25 7
23 26 11
23 27 6
23 28 4
23 29 8
23 30 10
23 31 1
23 32 12
23 33 11
23 34 9
24 25 3
24 26 7
24 27 6
24 28 8
24 29 4
24 30 6
24 31 9
24 32 2
24 33 1
24 34 5
25 26 4
25 27 3
25 28 5
25 29 1
25 30 3
25 31 6
25 32 5
25 33 4
25 34 2
26 27 7
26 28 9
26 29 5
26 30 1
26 31 10
26 32 9
26 33 8
26 34 6
27 28 4
27 29 4
27 30 6
27 31 5
27 32 8
27 33 7
27 34 5
28 29 6
28 30 8
28 31 3
28 32 10
28 33 9
28 34 7
29 30 4
29 31 7
29 32 6
29 33 5
29 34 1
30 31 9
30 32 8
30 33 7
30 34 5
31 32 11
31 33 10
31 34 8
32 33 3
32 34 7
33 34 6
639
0
0
0
0
0
0
0
0
0
0
0
0
0
0
0
0
0
0
0
0
0
0
0
93
0
0
0
0
0
0
0
129
0
0
0
0
0
0
0
0
0
0
0
0
0
0
0
0
0
0
0
0
0
0
0
147
0
0
0
0
0
0
0
83
0
0
0
0
0
0
0
189
0
0
0
0
0
0
0
99
0
0
0
0
0
0
0
0
0
0
0
0
0
0
0
43
0
0
0
0
0
0
0
0
0
0
0
0
0
0
0
531
0
0
0
0
0
0
0
623
0
0
0
0
0
0
0
0
0
0
0
0
0
0
0
53
0
0
0
0
0
0
0
39
0
0
0
0
0
0
0
0
0
0
0
0
0
0
0
43
0
0
0
0
0
0
0
119
0
0
0
0
0
0
0
329
0
0
0
0
0
0
0
651
0
0
0
0
0
0
0
0
0
0
0
0
0
0
0
371
0
0
0
0
0
0
0
0
0
0
0
0
0
0
0
0
0
0
0
0
0
0
0
23
0
0
0
0
0
0
0
9
0
0
0
0
0
0
0
171
0
0
0
0
0
0
0
41
0
0
0
0
0
0
0
189
0
0
0
0
0
0
0
123
0
0
0
0
0
0
0
351
0
0
0
0
0
0
0
61
0
0
0
0
0
0
0
217
0
0
0
0
0
0
0
81
0
0
0
0
0
0
0
11
0
0
0
0
0
0
0
0
0
0
0
0
0
0
0
0
0
0
0
0
0
0
0
0
0
0
0
0
0
0
0
133
0
0
0
0
0
0
0
27
0
0
0
0
0
0
0
161
0
0
0
0
0
0
0
261
0
0
0
0
0
0
0
0
0
0
0
0
0
0
0
0
0
0
0
0
0
0
0
0
0
0
0
0
0
0
0
261
0
0
0
0
0
0
0
639
0
0
0
0
0
0
0
147
0
0
0
0
0
0
0
423
0
0
0
0
0
0
0
0
0
0
0
0
0
0
0
69
0
0
0
0
0
0
0
0
0
0
0
0
0
0
0
351
0
0
0
0
0
0
0
117
0
0
0
0
0
0
0
243
0
0
0
0
0
0
0
873
0
0
0
0
0
0
0
639
0
0
0
0
0
0
0
119
0
0
0
0
0
0
0
57
0
0
0
0
0
0
0
91
0
0
0
0
0
0
0
387
0
0
0
0
0
0
0
89
0
0
0
0
0
0
0
0
0
0
0
0
0
0
0
651
0
0
0
0
0
0
0
133
0
0
0
0
0
0
0
21
0
0
0
0
0
0
0
0
0
0
0
0
0
0
0
111
0
0
0
0
0
0
0
0
0
0
0
0
0
0
0
63
0
0
0
0
0
0
0
71
0
0
