34 52
0 1 1.6167497160970792
8 19 12.922235407548495
18 28 15.645074620074523
15 16 7.702738908992046
15 20 3.2786367471404945
2 32 12.755101545671835
3 24 9.92556693035214
9 19 16.253820499476422
9 11 21.939849789772946
14 20 12.14522626425708
7 28 3.629464206463541
9 10 9.944706148579755
6 7 3.8564791802368124
21 22 2.1928865610651163
3 4 3.5577705082818376
9 23 6.6601213657560345
10 20 4.728320030306751
4 8 8.164149740573109
2 4 3.2628849910623567
4 23 4.307899211541511
2 26 35.48408379393781
22 23 2.265919891898212
10 23 12.518804159798972
0 4 8.52216618127105
30 31 4.350147994505471
8 9 7.134583067993533
16 20 6.434245303654501
24 33 4.167297438508561
1 28 4.522653924058306
4 5 2.637473890259388
18 19 5.690578601671363
27 28 6.409861271049475
16 17 2.03956889351647
32 33 2.5737752992831386
5 17 3.3132496094921677
2 29 15.926286426323623
4 25 24.41930574204353
3 5 3.4502428037748336
7 19 10.38269753954626
10 11 12.032516068794587
2 30 6.60409618997937
17 23 2.8250646594016193
0 13 19.026939624556018
4 12 29.956587151706714
0 2 8.35590386216237
2 25 25.050146140078702
14 15 10.31527217681143
16 21 3.374907042156865
29 30 9.331032069176485
7 8 5.443011496588996
4 6 7.841552038397756
9 13 6.292622011570372
1
1
1
1
1
1
1
1
1
1
1
1
1
1
1
1
1
1
1
1
1
1
1
1
1
1
1
1
1
1
1
1
1
1
1
1
1
1
1
1
1
1
1
1
1
1
1
1
1
1
1
1
1
1
1
1
1
1
1
1
1
1
1
1
1
1
1
1
1
1
1
1
1
1
1
1
1
1
1
1
1
1
1
1
1
1
1
1
1
1
1
1
1
1
1
1
1
1
1
1
1
1
1
1
1
1
1
1
1
1
1
1
1
1
1
1
1
1
1
1
1
1
1
1
1
1
1
1
1
1
1
1
1
1
1
1
1
1
1
1
1
1
1
1
1
1
1
1
1
1
1
1
1
1
1
1
1
1
1
1
1
1
1
1
1
1
1
1
1
1
1
1
1
1
1
1
1
1
1
1
1
1
1
1
1
1
1
1
1
1
1
1
1
1
1
1
1
1
1
1
1
1
1
1
1
1
1
1
1
1
1
1
1
1
1
1
1
1
1
1
1
1
1
1
1
1
1
1
1
1
1
1
1
1
1
1
1
1
1
1
1
1
1
1
1
1
1
1
1
1
1
1
1
1
1
1
1
1
1
1
1
1
1
1
1
1
1
1
1
1
1
1
1
1
1
1
1
1
1
1
1
1
1
1
1
1
1
1
1
1
1
1
1
1
1
1
1
1
1
1
1
1
1
1
1
1
1
1
1
1
1
1
1
1
1
1
1
1
1
1
1
1
1
1
1
1
1
1
1
1
1
1
1
1
1
1
1
1
1
1
1
1
1
1
1
1
1
1
1
1
1
1
1
1
1
1
1
1
1
1
1
1
1
1
1
1
1
1
1
1
1
1
1
1
1
1
1
1
1
1
1
1
1
1
1
1
1
1
1
1
1
1
1
1
1
1
1
1
1
1
1
1
1
1
1
1
1
1
1
1
1
1
1
1
1
1
1
1
1
1
1
1
1
1
1
1
1
1
1
1
1
1
1
1
1
1
1
1
1
1
1
1
1
1
1
1
1
1
1
1
1
1
1
1
1
1
1
1
1
1
1
1
1
1
1
1
1
1
1
1
1
1
1
1
1
1
1
1
1
1
1
1
1
1
1
1
1
1
1
1
1
1
1
1
1
1
1
1
1
1
1
1
1
1
1
1
1
1
1
1
1
1
1
1
1
1
1
1
1
1
1
1
1
1
1
1
1
1
1
1
1
1
1
1
1
1
1
1
1
1
1
1
1
1
1
1
1
1
1
1
1
1
1
1
1
1
1
1
1
1
1
