9 36
4 6 20.476781645895922
4 5 12.456199315991213
3 8 25.828647085021704
2 6 44.657019997296054
1 2 10.276120769264047
3 5 27.68769204372224
6 7 3.436739036936024
6 8 10.795338983107472
4 7 23.789876951663697
0 6 17.1144898720032
1 8 35.156452031921546
5 6 8.790819707331053
7 8 13.272625793059929
2 8 34.54069678101037
3 6 35.23328865084836
3 4 15.28185975002061
1 7 48.39251386412778
4 8 12.886179992740285
0 3 22.063571604980456
1 4 29.5173139205196
3 7 38.372553557317495
2 5 37.67843480125601
0 7 19.29940950165315
0 5 14.314872611396165
2 4 25.49867522427391
0 4 12.701033735763401
2 7 47.605603249009455
0 1 29.18662590760535
5 8 8.73314306225427
1 5 40.39525015286079
1 6 45.89982804408095
2 3 10.563637085137866
0 2 29.633081095134198
0 8 6.4273760250743175
5 7 12.226271478500706
1 3 17.483458747907978
1
1
1
1
1
1
1
1
1
1
1
1
1
1
1
1
1
1
1
1
1
1
1
1
1
1
1
1
1
1
1
1
1
1
1
1
