18 31
9 17 8.69774810617668
4 7 1.6167497160970792
9 15 8.73314306225427
0 2 61.13453384338593
8 16 6.1795559075470825
11 12 4.912969214639961
15 17 10.542912385565003
2 14 18.030952235647458
12 14 21.474547497654054
1 7 2.8263207111012756
4 17 83.4487684118136
8 15 13.69126983971902
14 17 20.308288443588744
11 17 44.44016350723521
10 15 35.156452031921546
0 3 3.48870038990166
14 15 12.886179992740285
11 15 34.54069678101037
15 16 8.439042307566647
4 5 4.414451111882427
6 8 74.66461299571908
1 6 3.629464206463541
2 9 9.010473840775525
9 13 27.68769204372224
4 6 5.089560721211606
1 5 6.45926436589338
12 13 6.199120304696467
8 17 3.8615694753428844
13 14 15.28185975002061
10 11 10.276120769264047
12 15 31.571757654855077
1
1
1
1
1
1
1
1
1
1
1
1
1
1
1
1
1
1
1
1
1
1
1
1
1
1
1
1
1
1
1
1
1
1
1
1
1
1
1
1
1
1
1
1
1
1
1
1
1
1
1
1
1
1
1
1
1
1
1
1
1
1
1
1
1
1
1
1
1
1
1
1
1
1
1
1
1
1
1
1
1
1
1
1
1
1
1
1
1
1
1
1
1
1
1
1
1
1
1
1
1
1
1
1
1
1
1
1
1
1
1
1
1
1
1
1
1
1
1
1
1
1
1
1
1
1
1
1
1
1
1
1
1
1
1
1
1
1
1
1
1
1
1
1
1
1
1
1
1
1
1
1
1
