32 63
17 25 46.01834373396114
5 8 2.2041853169368486
0 9 83.02746889728725
16 29 257.82971548489695
1 2 9.010473840775525
0 22 20.693523559135592
16 30 262.1877292703184
27 28 282.23275212068495
28 31 34.54069678101037
28 29 4.912969214639961
11 16 12.753946427098557
15 16 28.705953797804728
5 18 12.508232129781572
8 9 2.2105626878693125
15 25 23.38958630003746
1 22 18.030952235647458
6 9 4.341760838242936
11 17 8.995966215637997
0 28 44.885558496096486
10 25 24.656543472210377
7 9 14.724445108845357
12 25 115.46819027271407
3 30 48.81506712249405
16 19 36.75970022948092
22 28 25.49867522427391
23 29 23.278922953405726
28 30 10.276120769264047
13 28 0.19456769438938173
16 27 70.4486629347449
16 17 4.181831999734078
0 3 3.534496748562656
15 17 24.689090241005243
17 28 257.41073626424776
22 23 3.3470098309386502
0 30 46.12573795290434
15 20 10.275048110957927
30 31 35.156452031921546
2 22 12.456199315991213
4 5 4.665033287351765
15 21 97.062915745216
3 12 74.66461299571908
5 9 4.414451111882427
22 31 12.886179992740285
25 26 8.079898069140475
17 30 258.157379043411
16 25 49.547359554844085
12 17 136.66627179472815
24 25 2.8476426518262414
0 1 13.49536670304664
17 29 253.7466709184964
3 31 13.69126983971902
0 29 41.49091327182977
0 2 8.973773884169352
7 12 11.654474283866262
5 12 8.918351222311218
16 28 261.4819467541262
22 29 21.474547497654054
9 16 135.73024317783637
6 12 3.629464206463541
16 21 119.9430120108754
4 6 4.630894307604094
16 20 28.06020660779959
14 24 14.740848945118461
1
1
1
1
1
1
1
1
1
1
1
1
1
1
1
1
1
1
1
1
1
1
1
1
1
1
1
1
1
1
1
1
1
1
1
1
1
1
1
1
1
1
1
1
1
1
1
1
1
1
1
1
1
1
1
1
1
1
1
1
1
1
1
1
1
1
1
1
1
1
1
1
1
1
1
1
1
1
1
1
1
1
1
1
1
1
1
1
1
1
1
1
1
1
1
1
1
1
1
1
1
1
1
1
1
1
1
1
1
1
1
1
1
1
1
1
1
1
1
1
1
1
1
1
1
1
1
1
1
1
1
1
1
1
1
1
1
1
1
1
1
1
1
1
1
1
1
1
1
1
1
1
1
1
1
1
1
1
1
1
1
1
1
1
1
1
1
1
1
1
1
1
1
1
1
1
1
1
1
1
1
1
1
1
1
1
1
1
1
1
1
1
1
1
1
1
1
1
1
1
1
1
1
1
1
1
1
1
1
1
1
1
1
1
1
1
1
1
1
1
1
1
1
1
1
1
1
1
1
1
1
1
1
1
1
1
1
1
1
1
1
1
1
1
1
1
1
1
1
1
1
1
1
1
1
1
1
1
1
1
1
1
1
1
1
1
1
1
1
1
1
1
1
1
1
1
1
1
1
1
1
1
1
1
1
1
1
1
1
1
1
1
1
1
1
1
1
1
1
1
1
1
1
1
1
1
1
1
1
1
1
1
1
1
1
1
1
1
1
1
1
1
1
1
1
1
1
1
1
1
1
1
1
1
1
1
1
1
1
1
1
1
1
1
1
1
1
1
1
1
1
1
1
1
1
1
1
1
1
1
1
1
1
1
1
1
1
1
1
1
1
1
1
1
1
1
1
1
1
1
1
1
1
1
1
1
1
1
1
1
1
1
1
1
1
1
1
1
1
1
1
1
1
1
1
1
1
1
1
1
1
1
1
1
1
1
1
1
1
1
1
1
1
1
1
1
1
1
1
1
1
1
1
1
1
1
1
1
1
1
1
1
1
1
1
1
1
1
1
1
1
1
1
1
1
1
1
1
1
1
1
1
1
1
1
1
1
1
1
1
1
1
1
1
1
1
1
1
1
1
1
1
1
1
1
1
1
1
1
1
1
1
1
1
1
1
