12 66
0 1 6.490
0 2 5.903
0 3 8.484
0 4 14.561
0 5 18.359
0 6 15.976
0 7 19.360
0 8 18.867
0 9 10.090
0 10 10.883
0 11 9.665
1 2 4.523
1 3 6.256
1 4 16.661
1 5 20.618
1 6 18.083
1 7 21.561
1 8 21.099
1 9 12.639
1 10 13.461
1 11 12.236
2 3 6.908
2 4 16.414
2 5 20.292
2 6 17.829
2 7 21.263
2 8 20.787
2 9 12.073
2 10 12.802
2 11 11.540
3 4 17.328
3 5 21.452
3 6 18.714
3 7 22.286
3 8 21.874
3 9 14.234
3 10 15.259
3 11 14.136
4 5 8.425
4 6 5.658
4 7 9.194
4 8 8.797
4 9 9.603
4 10 10.440
4 11 11.237
5 6 6.621
5 7 5.067
5 8 4.439
5 9 12.385
5 10 12.526
5 11 13.722
6 7 7.230
6 8 6.899
6 9 10720
6 10 11.340
6 11 12.297
7 8 4.300
7 9 13.531
7 10 13.730
7 11 14.912
8 9 12.967
8 10 13.130
8 11 14.319
9 10 4.888
9 11 5.076
10 11 4.478
7
8
4
2
1
2
1
1
3
3
3
25
7
1
1
1
1
1
2
2
2
6
1
1
1
1
1
2
2
2
1
1
1
1
1
2
2
2
4
11
4
4
3
3
2
6
15
29
2
2
2
5
6
3
2
2
33
2
2
2
2
2
2
11
10
14
