24 276
0 1 649
0 2 590
0 3 848
0 4 824
0 5 808
0 6 1.810
0 7 1.700
0 8 1.456
0 9 1.489
0 10 1.336
0 11 2.059
0 12 1.835
0 13 1.597
0 14 1.936
0 15 1.674
0 16 1.588
0 17 1.886
0 18 1.289
0 19 1.009
0 20 602
0 21 1.088
0 22 966
0 23 1.461
1 2 453
1 3 626
1 4 599
1 5 980
1 6 2.034
1 7 1.955
1 8 1.661
1 9 1.717
1 10 1.595
1 11 2.275
1 12 2.068
1 13 1.803
1 14 2.151
1 15 1.890
1 16 1.813
1 17 2.109
1 18 1.537
1 19 1.269
1 20 852
1 21 1.341
1 22 1.226
1 23 1.664
2 3 698
2 4 664
2 5 967
2 6 2.003
2 7 1.897
2 8 1.644
2 9 1.688
2 10 1.539
2 11 2.241
2 12 2.022
2 13 1.789
2 14 2.123
2 15 1.864
2 16 1.784
2 17 2.077
2 18 1.483
2 19 1.203
2 20 791
2 21 1.282
2 22 1.150
2 23 1.644
3 4 282
3 5 1.056
3 6 2.126
3 7 2.106
3 8 1.738
3 9 1.795
3 10 1.758
3 11 2.339
3 12 2.142
3 13 1.874
3 14 2.226
3 15 1.963
3 16 1.892
3 17 2.184
3 18 1.663
3 19 1.424
3 20 1.051
3 21 1.529
3 22 1.416
3 23 1.715
4 5 1.046
4 6 2.114
4 7 2.088
4 8 1.720
4 9 1.782
4 10 1.742
4 11 2.323
4 12 2.136
4 13 1.860
4 14 2.228
4 15 1.955
4 16 1.887
4 17 2.176
4 18 1.643
4 19 1.404
4 20 1.031
4 21 1.508
4 22 1.390
4 23 1.719
5 6 1.451
5 7 1.456
5 8 1.068
5 9 1.129
5 10 1.154
5 11 1.674
5 12 1.471
5 13 1.203
5 14 1.561
5 15 1.295
5 16 1.223
5 17 1.515
5 18 1.005
5 19 833
5 20 741
5 21 975
5 22 920
5 23 1.065
6 7 855
6 8 829
6 9 754
6 10 1.064
6 11 675
6 12 387
6 13 657
6 14 524
6 15 615
6 16 605
6 17 463
6 18 914
6 19 1.206
6 20 1.582
6 21 1.225
6 22 1.348
6 23 853
7 8 1.036
7 9 929
7 10 752
7 11 1.144
7 12 888
7 13 983
7 14 1.005
7 15 979
7 16 870
7 17 942
7 18 817
7 19 1.037
7 20 1.424
7 21 954
7 22 1.092
7 23 1.097
8 9 549
8 10 995
8 11 1.030
8 12 845
8 13 568
8 14 914
8 15 651
8 16 600
8 17 877
8 18 736
8 19 963
8 20 1.264
8 21 1.040
8 22 1.127
8 23 475
9 10 919
9 11 993
9 12 771
9 13 567
9 14 875
9 15 618
9 16 528
9 17 821
9 18 667
9 19 932
9 20 1.280
9 21 995
9 22 1.089
9 23 592
10 11 1.373
10 12 1.100
10 13 1.047
10 14 1.226
10 15 1.074
10 16 958
10 17 1.161
10 18 621
10 19 675
10 20 1.058
10 21 577
10 22 714
10 23 1.056
11 12 655
11 13 823
11 14 530
11 15 813
11 16 8.571
11 17 585
11 18 1.203
11 19 1.494
11 20 1.851
11 21 1.511
11 22 1.631
11 23 1.038
12 13 661
12 14 507
12 15 633
12 16 627
12 17 449
12 18 940
12 19 1.235
12 20 1.617
12 21 1.256
12 22 1.372
12 23 862
13 14 720
13 15 463
13 16 491
13 17 689
13 18 812
13 19 1.070
13 20 1.404
13 21 1.130
13 22 1.227
13 23 576
14 15 702
14 16 722
14 17 430
14 18 1.068
14 19 1.351
14 20 1.727
14 21 1.370
14 22 1.492
14 23 934
15 16 493
15 17 660
15 18 858
15 19 1.123
15 20 1.472
15 21 1.170
15 22 1.279
15 23 663
16 17 671
16 18 739
16 19 1.019
16 20 1.377
16 21 1.060
16 22 1.162
16 23 635
17 18 1.000
17 19 1.297
17 20 1.663
17 21 1.310
17 22 1.439
17 23 896
18 19 652
18 20 1.044
18 21 680
18 22 795
18 23 792
19 20 744
19 21 488
19 22 506
19 23 990
20 21 809
20 22 674
20 23 1.280
21 22 448
21 23 1.084
22 23 1.166
100
0
0
0
0
0
0
0
0
0
0
0
0
0
0
0
0
0
0
0
0
0
0
100
100
100
0
0
0
2
0
0
0
0
0
0
0
0
0
0
0
0
0
0
0
0
0
0
0
0
0
0
0
0
0
0
0
0
0
0
0
0
0
0
0
0
0
0
0
0
0
0
0
0
0
0
0
0
0
0
0
0
0
0
0
0
0
0
0
0
0
0
0
0
0
0
0
0
0
0
0
0
0
0
0
0
0
100
0
0
0
0
0
0
0
0
0
0
0
0
0
0
0
0
0
0
0
0
0
0
0
0
0
100
0
0
0
0
0
0
0
0
0
0
0
0
0
0
0
100
0
0
0
0
0
0
0
0
0
0
2
0
0
0
0
0
0
0
0
0
100
0
0
0
100
0
0
0
0
0
0
0
0
0
0
0
0
0
0
0
0
0
0
0
0
100
0
0
0
0
100
0
0
0
0
0
0
0
0
0
0
0
0
0
100
0
0
0
0
0
0
0
100
100
2
0
0
0
2
0
0
0
0
2
0
0
0
0
0
0
0
0
0
0
0
0
0
0
0
0
0
0
0
0
0
0
0
0
0
0
0
0
0
100
0
0
0
100
0
0
100
0
0
100
0
0
