45 64
29 37 0.19283899450058892
6 7 0.26249248084469085
11 13 0.8140787134546662
8 9 0.31326690026237364
35 44 1.084131453883708
40 41 1.1918836556056922
13 14 0.6979710799882677
28 30 1.2200081024321048
5 8 0.280834683043252
2 3 0.5211818597188498
17 24 1.3589117590925441
2 14 0.4944925658692933
21 31 1.213474923391496
14 15 1.1796855568328388
12 26 1.2310061891396047
27 30 0.9814092046134488
4 39 0.4393622588479817
20 23 0.31555260876754093
28 34 0.7652457049863093
36 43 1.23152462943296
41 43 0.758336321232208
14 36 0.640902713522115
26 31 0.3125078767007334
42 43 1.3893796773020661
19 20 0.28290675530994663
33 34 0.9779300150828883
4 5 0.4365926587793191
37 38 0.4411412132186301
43 44 1.2472030898775095
0 12 0.2901611147276601
16 17 0.42741274349275055
21 24 1.6613814166831207
32 33 0.5062669797646259
2 36 0.6258553801798042
8 40 0.24329253605485235
1 27 1.1237277769993947
17 18 0.763747142580576
31 33 0.6862484695793496
0 3 0.3261950122242857
22 24 0.37174219131004776
38 39 0.5136663401469789
5 7 0.2761469731863753
41 42 0.8556593315099177
11 21 0.25246966015741396
4 37 0.9564877457134563
12 13 0.7266564009213701
13 21 1.055645719074352
35 36 1.0117108449552124
1 6 0.32014974621261516
10 18 0.4146394486780037
10 13 0.5395065687273878
14 16 0.7953702926939112
18 19 0.2952428547822989
17 35 1.3867423311487952
32 34 0.47454184430881613
15 35 0.51361130147223
27 34 0.4720236690039931
25 26 0.2649217518438274
5 9 0.4548132825676938
31 32 0.2597283534772454
5 6 0.52803243773465
20 22 0.483897821962442
0 1 0.352764412745956
20 24 0.6558184035996509
0
16
0
0
16
6
0
11
0
0
2
5
13
10
15
0
12
0
8
20
2
0
0
0
0
18
8
18
14
3
17
0
0
8
0
0
10
0
0
0
19
20
0
0
0
6
0
14
15
0
5
0
0
15
6
0
0
12
14
0
0
0
11
0
0
15
19
0
16
0
17
20
3
0
15
5
18
18
16
0
4
2
0
18
0
0
3
0
0
16
0
14
11
15
11
0
0
20
0
0
1
0
14
0
3
0
0
6
5
20
7
6
0
0
7
0
15
15
0
20
4
0
0
20
13
0
0
3
0
9
15
7
15
17
17
13
11
9
15
19
3
13
0
19
0
1
11
0
20
10
0
0
0
4
0
0
0
7
19
0
7
19
0
2
0
0
13
20
0
0
0
6
0
3
15
2
0
16
15
0
14
18
13
0
0
5
0
0
0
12
2
0
0
8
0
0
0
6
2
20
3
7
6
0
15
2
0
0
5
4
4
0
0
10
18
0
17
20
0
1
0
8
0
4
19
0
12
0
0
0
0
2
0
11
0
0
11
6
0
0
0
7
0
0
20
18
0
0
0
0
0
0
0
0
3
0
6
2
0
0
19
15
6
0
15
12
0
0
9
0
0
1
0
3
5
0
0
20
1
17
17
0
0
0
0
0
0
0
0
14
0
0
17
0
10
15
0
0
0
20
0
6
17
5
0
19
6
9
0
17
19
5
11
0
0
2
17
0
20
0
0
0
0
0
14
0
19
0
0
0
15
10
0
0
18
0
0
0
7
13
0
0
0
0
0
15
0
0
0
6
0
13
0
0
10
5
0
14
11
0
10
0
10
6
0
14
0
0
6
0
18
0
0
19
3
4
16
0
1
15
14
18
0
6
0
16
13
18
20
0
15
6
0
0
20
0
0
0
0
0
10
0
0
0
0
11
0
0
0
0
0
15
1
12
1
0
2
0
0
0
10
11
11
14
0
0
12
14
12
0
0
0
10
0
0
2
0
0
12
4
8
0
0
2
16
0
0
0
0
0
13
0
8
14
0
0
16
0
0
0
0
0
0
18
0
0
11
19
0
8
13
17
0
20
0
0
0
0
0
8
11
18
5
19
0
0
0
4
20
0
0
0
8
15
0
0
0
9
0
0
17
0
0
0
17
18
20
10
0
11
3
10
18
0
13
15
13
0
4
0
0
0
12
9
0
7
0
0
0
0
0
0
12
12
9
0
0
3
0
0
18
0
18
2
11
20
0
11
16
18
1
9
6
0
14
9
0
4
0
0
14
0
0
0
0
6
19
0
0
0
1
16
0
2
19
0
0
17
0
0
0
10
2
6
0
1
14
20
0
0
0
13
0
13
0
18
0
19
0
0
0
0
0
0
8
0
14
0
12
0
0
0
0
1
5
13
0
0
3
6
16
2
10
0
3
0
17
2
0
0
0
0
0
2
0
2
12
17
13
13
0
0
8
0
18
9
0
0
19
10
6
0
16
0
8
2
1
4
2
0
0
8
18
0
18
18
20
11
0
0
7
12
14
0
5
0
18
10
0
1
0
0
7
0
0
0
12
0
0
0
0
0
8
0
16
4
0
0
0
0
9
0
20
0
8
0
5
11
7
2
5
9
0
5
19
7
13
0
2
0
18
0
0
0
8
0
0
0
13
0
0
0
10
0
0
11
15
1
0
0
0
0
0
0
11
17
2
0
0
9
14
15
14
18
0
18
2
0
15
0
0
8
0
19
0
0
0
0
0
0
20
0
0
8
0
3
0
4
0
0
0
0
0
0
2
0
0
0
0
0
15
0
0
0
0
0
6
11
0
0
7
15
15
0
1
17
4
14
14
0
6
5
0
0
9
0
0
0
9
13
0
11
8
0
8
8
0
0
0
0
0
0
9
4
3
11
0
14
14
0
11
0
0
18
0
4
19
0
3
4
0
12
20
0
0
14
7
3
4
0
16
11
0
0
0
9
9
0
0
10
0
19
18
16
0
5
6
0
0
0
0
0
11
15
4
6
0
0
3
20
19
5
3
9
14
0
0
16
12
6
20
0
0
0
2
0
0
0
16
1
14
0
0
13
0
0
14
0
0
0
14
18
6
0
0
0
0
0
0
0
11
15
19
0
0
16
15
13
8
9
0
0
0
0
8
0
0
0
0
4
6
0
2
0
0
0
0
11
0
4
0
13
15
19
16
11
18
0
0
0
5
0
11
0
5
13
0
16
0
0
0
0
0
13
9
0
10
14
0
2
