20 190
0 1 30
0 2 6
0 3 15
0 4 67
0 5 100
0 6 99
0 7 34
0 8 85
0 9 56
0 10 3
0 11 13
0 12 23
0 13 2
0 14 72
0 15 24
0 16 53
0 17 12
0 18 94
0 19 57
1 2 98
1 3 30
1 4 53
1 5 35
1 6 38
1 7 59
1 8 85
1 9 82
1 10 85
1 11 78
1 12 16
1 13 3
1 14 59
1 15 73
1 16 17
1 17 77
1 18 73
1 19 15
2 3 62
2 4 9
2 5 70
2 6 65
2 7 21
2 8 44
2 9 18
2 10 44
2 11 68
2 12 71
2 13 56
2 14 13
2 15 79
2 16 5
2 17 43
2 18 83
2 19 39
3 4 80
3 5 93
3 6 23
3 7 61
3 8 78
3 9 52
3 10 28
3 11 80
3 12 62
3 13 1
3 14 48
3 15 38
3 16 25
3 17 62
3 18 100
3 19 33
4 5 84
4 6 16
4 7 6
4 8 27
4 9 85
4 10 49
4 11 46
4 12 7
4 13 4
4 14 59
4 15 37
4 16 8
4 17 53
4 18 19
4 19 98
5 6 32
5 7 12
5 8 20
5 9 92
5 10 41
5 11 71
5 12 20
5 13 72
5 14 32
5 15 72
5 16 19
5 17 22
5 18 96
5 19 80
6 7 73
6 8 80
6 9 15
6 10 88
6 11 85
6 12 94
6 13 72
6 14 34
6 15 39
6 16 79
6 17 89
6 18 49
6 19 15
7 8 49
7 9 1
7 10 86
7 11 46
7 12 32
7 13 97
7 14 66
7 15 76
7 16 37
7 17 88
7 18 47
7 19 8
8 9 72
8 10 18
8 11 78
8 12 93
8 13 65
8 14 57
8 15 65
8 16 44
8 17 24
8 18 4
8 19 29
9 10 17
9 11 75
9 12 14
9 13 55
9 14 5
9 15 54
9 16 56
9 17 72
9 18 2
9 19 56
10 11 57
10 12 100
10 13 40
10 14 5
10 15 17
10 16 67
10 17 93
10 18 4
10 19 13
11 12 52
11 13 75
11 14 82
11 15 29
11 16 19
11 17 46
11 18 37
11 19 83
12 13 41
12 14 60
12 15 38
12 16 21
12 17 76
12 18 13
12 19 86
13 14 83
13 15 69
13 16 40
13 17 90
13 18 40
13 19 93
14 15 97
14 16 48
14 17 92
14 18 36
14 19 52
15 16 8
15 17 2
15 18 44
15 19 12
16 17 66
16 18 95
16 19 38
17 18 99
17 19 23
18 19 57
19
7
97
99
22
65
82
53
76
2
44
7
40
67
100
7
40
94
90
37
18
98
75
99
90
42
51
4
91
76
91
10
49
53
75
72
17
56
91
59
24
34
33
30
0
32
38
6
25
94
43
9
57
18
8
13
26
25
17
16
67
74
93
16
26
33
54
10
90
44
69
80
44
1
10
10
100
14
16
92
7
26
0
30
44
75
43
36
66
26
18
33
100
11
15
26
44
69
2
100
79
37
80
22
39
56
32
4
70
48
96
77
74
63
73
84
3
16
86
70
8
4
2
8
82
84
0
92
52
2
58
30
39
3
18
44
59
50
15
28
64
77
71
4
5
43
88
9
25
40
79
34
44
47
8
92
30
8
83
82
77
40
78
82
43
96
93
68
11
7
96
75
84
66
79
90
76
33
99
0
73
43
0
83
90
8
74
86
83
22
