100 4950
0 1 95
0 2 78
0 3 23
0 4 51
0 5 55
0 6 34
0 7 17
0 8 78
0 9 85
0 10 43
0 11 49
0 12 30
0 13 40
0 14 1
0 15 51
0 16 67
0 17 62
0 18 66
0 19 38
0 20 8
0 21 97
0 22 59
0 23 86
0 24 66
0 25 37
0 26 72
0 27 68
0 28 29
0 29 69
0 30 53
0 31 39
0 32 15
0 33 83
0 34 61
0 35 17
0 36 89
0 37 46
0 38 34
0 39 66
0 40 82
0 41 28
0 42 15
0 43 11
0 44 19
0 45 15
0 46 61
0 47 86
0 48 28
0 49 79
0 50 75
0 51 88
0 52 27
0 53 33
0 54 73
0 55 92
0 56 21
0 57 96
0 58 11
0 59 50
0 60 64
0 61 64
0 62 40
0 63 30
0 64 98
0 65 52
0 66 47
0 67 86
0 68 49
0 69 32
0 70 3
0 71 30
0 72 11
0 73 69
0 74 93
0 75 29
0 76 84
0 77 5
0 78 14
0 79 63
0 80 35
0 81 88
0 82 50
0 83 61
0 84 72
0 85 74
0 86 52
0 87 45
0 88 69
0 89 15
0 90 94
0 91 84
0 92 78
0 93 85
0 94 14
0 95 27
0 96 36
0 97 12
0 98 64
0 99 36
1 2 43
1 3 66
1 4 17
1 5 5
1 6 35
1 7 61
1 8 33
1 9 70
1 10 66
1 11 99
1 12 32
1 13 100
1 14 38
1 15 34
1 16 13
1 17 10
1 18 7
1 19 16
1 20 6
1 21 28
1 22 30
1 23 51
1 24 63
1 25 59
1 26 35
1 27 28
1 28 85
1 29 22
1 30 39
1 31 48
1 32 57
1 33 33
1 34 14
1 35 25
1 36 37
1 37 100
1 38 86
1 39 70
1 40 69
1 41 51
1 42 68
1 43 52
1 44 2
1 45 57
1 46 85
1 47 14
1 48 66
1 49 44
1 50 30
1 51 71
1 52 71
1 53 11
1 54 21
1 55 85
1 56 70
1 57 7
1 58 13
1 59 54
1 60 80
1 61 51
1 62 54
1 63 36
1 64 36
1 65 67
1 66 61
1 67 72
1 68 18
1 69 46
1 70 93
1 71 86
1 72 48
1 73 12
1 74 89
1 75 1
1 76 69
1 77 74
1 78 67
1 79 86
1 80 69
1 81 96
1 82 9
1 83 91
1 84 58
1 85 81
1 86 75
1 87 27
1 88 88
1 89 87
1 90 33
1 91 67
1 92 90
1 93 86
1 94 55
1 95 25
1 96 4
1 97 67
1 98 48
1 99 21
2 3 64
2 4 41
2 5 58
2 6 63
2 7 52
2 8 46
2 9 63
2 10 72
2 11 71
2 12 29
2 13 58
2 14 39
2 15 76
2 16 66
2 17 81
2 18 34
2 19 46
2 20 56
2 21 60
2 22 85
2 23 94
2 24 44
2 25 4
2 26 35
2 27 29
2 28 58
2 29 59
2 30 32
2 31 76
2 32 59
2 33 52
2 34 39
2 35 99
2 36 9
2 37 1
2 38 2
2 39 7
2 40 15
2 41 26
2 42 77
2 43 44
2 44 83
2 45 68
2 46 71
2 47 100
2 48 48
2 49 4
2 50 97
2 51 55
2 52 16
2 53 34
2 54 49
2 55 59
2 56 37
2 57 83
2 58 88
2 59 46
2 60 94
2 61 71
2 62 21
2 63 52
2 64 23
2 65 11
2 66 2
2 67 83
2 68 11
2 69 3
2 70 89
2 71 25
2 72 80
2 73 18
2 74 20
2 75 62
2 76 85
2 77 91
2 78 13
2 79 84
2 80 46
2 81 10
2 82 39
2 83 61
2 84 43
2 85 87
2 86 72
2 87 79
2 88 21
2 89 11
2 90 76
2 91 14
2 92 81
2 93 96
2 94 17
2 95 55
2 96 6
2 97 18
2 98 90
2 99 68
3 4 73
3 5 30
3 6 44
3 7 52
3 8 47
3 9 64
3 10 66
3 11 83
3 12 6
3 13 78
3 14 19
3 15 51
3 16 87
3 17 57
3 18 64
3 19 81
3 20 95
3 21 87
3 22 11
3 23 15
3 24 97
3 25 86
3 26 81
3 27 29
3 28 81
3 29 97
3 30 36
3 31 38
3 32 15
3 33 25
3 34 5
3 35 87
3 36 54
3 37 1
3 38 90
3 39 53
3 40 64
3 41 55
3 42 87
3 43 21
3 44 33
3 45 5
3 46 23
3 47 19
3 48 13
3 49 38
3 50 52
3 51 7
3 52 24
3 53 62
3 54 74
3 55 72
3 56 48
3 57 54
3 58 53
3 59 28
3 60 2
3 61 88
3 62 18
3 63 16
3 64 64
3 65 74
3 66 54
3 67 69
3 68 74
3 69 44
3 70 21
3 71 89
3 72 98
3 73 60
3 74 9
3 75 82
3 76 16
3 77 32
3 78 1
3 79 29
3 80 69
3 81 52
3 82 87
3 83 45
3 84 65
3 85 12
3 86 16
3 87 12
3 88 65
3 89 68
3 90 92
3 91 67
3 92 55
3 93 9
3 94 34
3 95 70
3 96 82
3 97 88
3 98 39
3 99 56
4 5 83
4 6 59
4 7 96
4 8 32
4 9 70
4 10 5
4 11 14
4 12 86
4 13 88
4 14 66
4 15 66
4 16 8
4 17 69
4 18 4
4 19 52
4 20 33
4 21 16
4 22 68
4 23 45
4 24 32
4 25 87
4 26 36
4 27 50
4 28 94
4 29 96
4 30 36
4 31 63
4 32 77
4 33 75
4 34 1
4 35 84
4 36 57
4 37 12
4 38 80
4 39 88
4 40 81
4 41 36
4 42 1
4 43 18
4 44 23
4 45 66
4 46 35
4 47 30
4 48 34
4 49 91
4 50 34
4 51 19
4 52 58
4 53 53
4 54 63
4 55 89
4 56 39
4 57 98
4 58 91
4 59 84
4 60 93
4 61 26
4 62 47
4 63 21
4 64 100
4 65 99
4 66 57
4 67 8
4 68 10
4 69 36
4 70 47
4 71 43
4 72 71
4 73 48
4 74 12
4 75 45
4 76 65
4 77 99
4 78 74
4 79 51
4 80 89
4 81 7
4 82 69
4 83 46
4 84 59
4 85 83
4 86 86
4 87 50
4 88 80
4 89 28
4 90 33
4 91 24
4 92 53
4 93 31
4 94 96
4 95 4
4 96 30
4 97 52
4 98 63
4 99 91
5 6 87
5 7 10
5 8 85
5 9 9
5 10 9
5 11 49
5 12 53
5 13 73
5 14 47
5 15 79
5 16 75
5 17 87
5 18 37
5 19 95
5 20 32
5 21 48
5 22 77
5 23 69
5 24 49
5 25 8
5 26 97
5 27 81
5 28 83
5 29 1
5 30 12
5 31 79
5 32 57
5 33 93
5 34 30
5 35 19
5 36 35
5 37 69
5 38 28
5 39 20
5 40 29
5 41 36
5 42 68
5 43 34
5 44 61
5 45 14
5 46 12
5 47 87
5 48 52
5 49 100
5 50 82
5 51 83
5 52 47
5 53 10
5 54 3
5 55 47
5 56 18
5 57 51
5 58 28
5 59 100
5 60 52
5 61 91
5 62 30
5 63 60
5 64 35
5 65 12
5 66 78
5 67 69
5 68 80
5 69 58
5 70 88
5 71 60
5 72 45
5 73 7
5 74 93
5 75 57
5 76 72
5 77 56
5 78 44
5 79 23
5 80 8
5 81 77
5 82 5
5 83 6
5 84 86
5 85 60
5 86 53
5 87 55
5 88 10
5 89 80
5 90 55
5 91 13
5 92 22
5 93 84
5 94 72
5 95 56
5 96 47
5 97 2
5 98 76
5 99 78
6 7 11
6 8 64
6 9 38
6 10 55
6 11 22
6 12 82
6 13 64
6 14 94
6 15 38
6 16 7
6 17 16
6 18 97
6 19 35
6 20 73
6 21 2
6 22 20
6 23 32
6 24 54
6 25 75
6 26 93
6 27 85
6 28 81
6 29 6
6 30 6
6 31 16
6 32 29
6 33 13
6 34 63
6 35 82
6 36 89
6 37 40
6 38 92
6 39 4
6 40 29
6 41 99
6 42 25
6 43 11
6 44 62
6 45 18
6 46 100
6 47 20
6 48 34
6 49 96
6 50 54
6 51 6
6 52 97
6 53 25
6 54 89
6 55 51
6 56 51
6 57 81
6 58 35
6 59 31
6 60 38
6 61 93
6 62 99
6 63 19
6 64 5
6 65 61
6 66 100
6 67 93
6 68 52
6 69 44
6 70 48
6 71 81
6 72 94
6 73 73
6 74 91
6 75 55
6 76 42
6 77 42
6 78 74
6 79 75
6 80 37
6 81 79
6 82 32
6 83 85
6 84 3
6 85 72
6 86 35
6 87 54
6 88 53
6 89 22
6 90 36
6 91 42
6 92 14
6 93 34
6 94 12
6 95 70
6 96 46
6 97 64
6 98 15
6 99 98
7 8 7
7 9 62
7 10 78
7 11 100
7 12 86
7 13 20
7 14 6
7 15 28
7 16 13
7 17 31
7 18 54
7 19 49
7 20 9
7 21 38
7 22 33
7 23 63
7 24 9
7 25 20
7 26 68
7 27 13
7 28 93
7 29 4
7 30 7
7 31 58
7 32 89
7 33 18
7 34 27
7 35 35
7 36 81
7 37 93
7 38 32
7 39 39
7 40 7
7 41 61
7 42 90
7 43 92
7 44 32
7 45 47
7 46 71
7 47 44
7 48 77
7 49 25
7 50 92
7 51 37
7 52 14
7 53 76
7 54 100
7 55 22
7 56 47
7 57 67
7 58 87
7 59 39
7 60 22
7 61 93
7 62 48
7 63 11
7 64 10
7 65 27
7 66 45
7 67 43
7 68 19
7 69 28
7 70 33
7 71 25
7 72 88
7 73 75
7 74 69
7 75 19
7 76 21
7 77 39
7 78 62
7 79 98
7 80 15
7 81 5
7 82 86
7 83 28
7 84 32
7 85 85
7 86 50
7 87 79
7 88 4
7 89 36
7 90 69
7 91 25
7 92 80
7 93 69
7 94 87
7 95 89
7 96 95
7 97 83
7 98 83
7 99 13
8 9 10
8 10 68
8 11 90
8 12 97
8 13 42
8 14 58
8 15 15
8 16 62
8 17 96
8 18 28
8 19 11
8 20 11
8 21 84
8 22 97
8 23 90
8 24 16
8 25 33
8 26 39
8 27 46
8 28 36
8 29 26
8 30 14
8 31 13
8 32 5
8 33 34
8 34 51
8 35 46
8 36 28
8 37 34
8 38 80
8 39 93
8 40 43
8 41 47
8 42 34
8 43 92
8 44 40
8 45 91
8 46 6
8 47 2
8 48 38
8 49 86
8 50 64
8 51 100
8 52 69
8 53 12
8 54 90
8 55 84
8 56 45
8 57 80
8 58 81
8 59 32
8 60 6
8 61 47
8 62 96
8 63 62
8 64 80
8 65 47
8 66 59
8 67 8
8 68 32
8 69 39
8 70 52
8 71 74
8 72 85
8 73 85
8 74 65
8 75 25
8 76 75
8 77 23
8 78 78
8 79 64
8 80 60
8 81 93
8 82 64
8 83 28
8 84 5
8 85 5
8 86 64
8 87 1
8 88 84
8 89 44
8 90 32
8 91 41
8 92 90
8 93 28
8 94 3
8 95 22
8 96 26
8 97 61
8 98 29
8 99 57
9 10 51
9 11 80
9 12 82
9 13 36
9 14 16
9 15 47
9 16 12
9 17 42
9 18 21
9 19 41
9 20 5
9 21 80
9 22 85
9 23 20
9 24 7
9 25 89
9 26 24
9 27 22
9 28 89
9 29 60
9 30 18
9 31 73
9 32 100
9 33 59
9 34 100
9 35 54
9 36 80
9 37 77
9 38 15
9 39 8
9 40 33
9 41 17
9 42 39
9 43 14
9 44 4
9 45 54
9 46 12
9 47 15
9 48 47
9 49 32
9 50 7
9 51 52
9 52 11
9 53 92
9 54 23
9 55 70
9 56 32
9 57 99
9 58 91
9 59 73
9 60 58
9 61 8
9 62 45
9 63 9
9 64 19
9 65 96
9 66 63
9 67 98
9 68 72
9 69 29
9 70 6
9 71 56
9 72 45
9 73 96
9 74 21
9 75 49
9 76 2
9 77 33
9 78 15
9 79 48
9 80 64
9 81 74
9 82 51
9 83 27
9 84 17
9 85 26
9 86 96
9 87 48
9 88 24
9 89 38
9 90 20
9 91 33
9 92 98
9 93 64
9 94 41
9 95 16
9 96 11
9 97 55
9 98 13
9 99 82
10 11 35
10 12 70
10 13 37
10 14 80
10 15 18
10 16 10
10 17 80
10 18 19
10 19 42
10 20 46
10 21 18
10 22 57
10 23 71
10 24 21
10 25 35
10 26 87
10 27 46
10 28 30
10 29 87
10 30 69
10 31 20
10 32 6
10 33 1
10 34 17
10 35 22
10 36 93
10 37 84
10 38 32
10 39 100
10 40 48
10 41 66
10 42 34
10 43 18
10 44 54
10 45 65
10 46 35
10 47 63
10 48 44
10 49 5
10 50 56
10 51 42
10 52 74
10 53 13
10 54 12
10 55 94
10 56 47
10 57 99
10 58 39
10 59 29
10 60 85
10 61 59
10 62 48
10 63 42
10 64 11
10 65 16
10 66 15
10 67 56
10 68 51
10 69 99
10 70 55
10 71 98
10 72 64
10 73 88
10 74 67
10 75 17
10 76 53
10 77 53
10 78 32
10 79 48
10 80 57
10 81 87
10 82 41
10 83 31
10 84 51
10 85 53
10 86 76
10 87 98
10 88 3
10 89 15
10 90 78
10 91 39
10 92 25
10 93 77
10 94 80
10 95 36
10 96 44
10 97 47
10 98 91
10 99 94
11 12 45
11 13 45
11 14 43
11 15 60
11 16 84
11 17 10
11 18 28
11 19 88
11 20 62
11 21 59
11 22 36
11 23 71
11 24 98
11 25 76
11 26 53
11 27 48
11 28 80
11 29 28
11 30 97
11 31 82
11 32 94
11 33 74
11 34 72
11 35 19
11 36 50
11 37 4
11 38 6
11 39 45
11 40 50
11 41 48
11 42 38
11 43 94
11 44 44
11 45 81
11 46 5
11 47 27
11 48 42
11 49 32
11 50 15
11 51 3
11 52 91
11 53 2
11 54 25
11 55 88
11 56 29
11 57 77
11 58 35
11 59 9
11 60 5
11 61 32
11 62 42
11 63 98
11 64 57
11 65 14
11 66 68
11 67 59
11 68 17
11 69 73
11 70 3
11 71 18
11 72 72
11 73 41
11 74 63
11 75 15
11 76 73
11 77 67
11 78 94
11 79 66
11 80 98
11 81 8
11 82 20
11 83 40
11 84 61
11 85 45
11 86 27
11 87 89
11 88 21
11 89 14
11 90 97
11 91 25
11 92 97
11 93 91
11 94 75
11 95 53
11 96 4
11 97 94
11 98 63
11 99 72
12 13 19
12 14 66
12 15 41
12 16 90
12 17 58
12 18 3
12 19 57
12 20 82
12 21 21
12 22 50
12 23 47
12 24 18
12 25 9
12 26 66
12 27 58
12 28 69
12 29 10
12 30 36
12 31 57
12 32 31
12 33 49
12 34 6
12 35 7
12 36 97
12 37 96
12 38 33
12 39 2
12 40 51
12 41 79
12 42 64
12 43 74
12 44 97
12 45 29
12 46 14
12 47 38
12 48 86
12 49 68
12 50 94
12 51 19
12 52 88
12 53 43
12 54 65
12 55 57
12 56 51
12 57 31
12 58 66
12 59 19
12 60 92
12 61 2
12 62 28
12 63 74
12 64 2
12 65 33
12 66 33
12 67 99
12 68 28
12 69 65
12 70 100
12 71 30
12 72 43
12 73 15
12 74 3
12 75 91
12 76 44
12 77 16
12 78 29
12 79 81
12 80 83
12 81 22
12 82 100
12 83 70
12 84 65
12 85 16
12 86 78
12 87 67
12 88 98
12 89 44
12 90 38
12 91 90
12 92 97
12 93 65
12 94 63
12 95 98
12 96 49
12 97 95
12 98 48
12 99 76
13 14 12
13 15 99
13 16 5
13 17 6
13 18 14
13 19 59
13 20 97
13 21 9
13 22 74
13 23 77
13 24 41
13 25 8
13 26 98
13 27 92
13 28 77
13 29 14
13 30 8
13 31 6
13 32 33
13 33 5
13 34 49
13 35 70
13 36 46
13 37 45
13 38 34
13 39 61
13 40 95
13 41 82
13 42 7
13 43 94
13 44 9
13 45 70
13 46 93
13 47 65
13 48 76
13 49 58
13 50 23
13 51 24
13 52 18
13 53 48
13 54 100
13 55 58
13 56 55
13 57 97
13 58 50
13 59 83
13 60 63
13 61 9
13 62 88
13 63 95
13 64 65
13 65 89
13 66 64
13 67 11
13 68 85
13 69 49
13 70 23
13 71 79
13 72 82
13 73 29
13 74 25
13 75 42
13 76 99
13 77 17
13 78 58
13 79 26
13 80 26
13 81 32
13 82 49
13 83 43
13 84 79
13 85 100
13 86 52
13 87 85
13 88 48
13 89 1
13 90 67
13 91 10
13 92 61
13 93 6
13 94 4
13 95 26
13 96 94
13 97 19
13 98 88
13 99 79
14 15 19
14 16 10
14 17 9
14 18 52
14 19 90
14 20 33
14 21 45
14 22 40
14 23 1
14 24 2
14 25 17
14 26 26
14 27 33
14 28 65
14 29 20
14 30 63
14 31 64
14 32 72
14 33 47
14 34 12
14 35 72
14 36 65
14 37 73
14 38 85
14 39 71
14 40 29
14 41 10
14 42 64
14 43 99
14 44 49
14 45 94
14 46 18
14 47 10
14 48 3
14 49 21
14 50 99
14 51 35
14 52 66
14 53 91
14 54 88
14 55 67
14 56 7
14 57 13
14 58 52
14 59 24
14 60 33
14 61 66
14 62 39
14 63 56
14 64 65
14 65 2
14 66 79
14 67 29
14 68 75
14 69 63
14 70 99
14 71 3
14 72 24
14 73 15
14 74 53
14 75 72
14 76 8
14 77 70
14 78 81
14 79 10
14 80 91
14 81 80
14 82 97
14 83 8
14 84 22
14 85 84
14 86 26
14 87 28
14 88 48
14 89 77
14 90 51
14 91 32
14 92 95
14 93 90
14 94 87
14 95 59
14 96 91
14 97 66
14 98 87
14 99 17
15 16 80
15 17 38
15 18 71
15 19 4
15 20 52
15 21 24
15 22 75
15 23 59
15 24 45
15 25 56
15 26 21
15 27 87
15 28 87
15 29 69
15 30 94
15 31 8
15 32 4
15 33 20
15 34 87
15 35 51
15 36 48
15 37 90
15 38 35
15 39 42
15 40 79
15 41 73
15 42 100
15 43 21
15 44 90
15 45 39
15 46 90
15 47 70
15 48 76
15 49 60
15 50 73
15 51 79
15 52 83
15 53 99
15 54 89
15 55 28
15 56 54
15 57 61
15 58 14
15 59 92
15 60 81
15 61 60
15 62 51
15 63 84
15 64 79
15 65 38
15 66 87
15 67 26
15 68 27
15 69 21
15 70 20
15 71 57
15 72 93
15 73 19
15 74 29
15 75 35
15 76 9
15 77 18
15 78 4
15 79 36
15 80 78
15 81 28
15 82 66
15 83 12
15 84 26
15 85 55
15 86 91
15 87 80
15 88 67
15 89 57
15 90 23
15 91 48
15 92 16
15 93 74
15 94 31
15 95 46
15 96 63
15 97 17
15 98 23
15 99 89
16 17 89
16 18 42
16 19 97
16 20 34
16 21 13
16 22 25
16 23 68
16 24 21
16 25 95
16 26 23
16 27 9
16 28 72
16 29 50
16 30 74
16 31 35
16 32 75
16 33 28
16 34 26
16 35 6
16 36 47
16 37 34
16 38 29
16 39 94
16 40 1
16 41 54
16 42 24
16 43 46
16 44 16
16 45 93
16 46 68
16 47 56
16 48 33
16 49 10
16 50 52
16 51 18
16 52 22
16 53 28
16 54 85
16 55 94
16 56 22
16 57 7
16 58 2
16 59 45
16 60 56
16 61 76
16 62 80
16 63 83
16 64 55
16 65 57
16 66 88
16 67 1
16 68 90
16 69 68
16 70 46
16 71 42
16 72 21
16 73 70
16 74 87
16 75 36
16 76 14
16 77 54
16 78 91
16 79 98
16 80 15
16 81 94
16 82 16
16 83 88
16 84 22
16 85 100
16 86 82
16 87 95
16 88 59
16 89 35
16 90 40
16 91 66
16 92 62
16 93 19
16 94 48
16 95 69
16 96 27
16 97 88
16 98 21
16 99 68
17 18 55
17 19 67
17 20 9
17 21 76
17 22 88
17 23 95
17 24 63
17 25 1
17 26 100
17 27 54
17 28 98
17 29 67
17 30 99
17 31 13
17 32 54
17 33 72
17 34 65
17 35 35
17 36 67
17 37 75
17 38 70
17 39 6
17 40 40
17 41 83
17 42 76
17 43 40
17 44 51
17 45 2
17 46 27
17 47 72
17 48 21
17 49 81
17 50 38
17 51 29
17 52 8
17 53 25
17 54 75
17 55 71
17 56 77
17 57 26
17 58 76
17 59 26
17 60 92
17 61 74
17 62 91
17 63 46
17 64 46
17 65 55
17 66 32
17 67 64
17 68 81
17 69 53
17 70 69
17 71 72
17 72 36
17 73 44
17 74 11
17 75 86
17 76 97
17 77 89
17 78 57
17 79 17
17 80 22
17 81 94
17 82 97
17 83 29
17 84 70
17 85 23
17 86 51
17 87 46
17 88 48
17 89 26
17 90 72
17 91 92
17 92 52
17 93 14
17 94 37
17 95 49
17 96 68
17 97 20
17 98 12
17 99 100
18 19 73
18 20 32
18 21 71
18 22 8
18 23 75
18 24 82
18 25 45
18 26 23
18 27 22
18 28 2
18 29 91
18 30 95
18 31 47
18 32 87
18 33 76
18 34 69
18 35 61
18 36 26
18 37 66
18 38 8
18 39 4
18 40 89
18 41 51
18 42 55
18 43 2
18 44 87
18 45 55
18 46 21
18 47 7
18 48 18
18 49 20
18 50 31
18 51 49
18 52 91
18 53 90
18 54 75
18 55 24
18 56 34
18 57 97
18 58 97
18 59 87
18 60 87
18 61 92
18 62 86
18 63 25
18 64 67
18 65 54
18 66 85
18 67 92
18 68 19
18 69 44
18 70 47
18 71 8
18 72 95
18 73 1
18 74 9
18 75 33
18 76 7
18 77 30
18 78 91
18 79 24
18 80 49
18 81 21
18 82 72
18 83 91
18 84 10
18 85 46
18 86 14
18 87 44
18 88 94
18 89 11
18 90 82
18 91 32
18 92 54
18 93 67
18 94 56
18 95 20
18 96 20
18 97 40
18 98 63
18 99 39
19 20 36
19 21 10
19 22 98
19 23 30
19 24 62
19 25 6
19 26 62
19 27 69
19 28 87
19 29 53
19 30 44
19 31 88
19 32 25
19 33 16
19 34 78
19 35 35
19 36 13
19 37 44
19 38 30
19 39 59
19 40 6
19 41 11
19 42 90
19 43 59
19 44 78
19 45 46
19 46 78
19 47 49
19 48 37
19 49 40
19 50 39
19 51 72
19 52 49
19 53 36
19 54 53
19 55 11
19 56 42
19 57 15
19 58 31
19 59 28
19 60 19
19 61 74
19 62 15
19 63 43
19 64 89
19 65 45
19 66 29
19 67 54
19 68 88
19 69 58
19 70 12
19 71 93
19 72 21
19 73 53
19 74 51
19 75 50
19 76 98
19 77 28
19 78 98
19 79 87
19 80 19
19 81 37
19 82 58
19 83 68
19 84 24
19 85 11
19 86 30
19 87 65
19 88 77
19 89 60
19 90 45
19 91 47
19 92 33
19 93 11
19 94 89
19 95 74
19 96 55
19 97 18
19 98 79
19 99 94
20 21 27
20 22 90
20 23 86
20 24 99
20 25 42
20 26 36
20 27 100
20 28 92
20 29 15
20 30 50
20 31 78
20 32 34
20 33 38
20 34 87
20 35 53
20 36 61
20 37 49
20 38 82
20 39 26
20 40 25
20 41 41
20 42 22
20 43 71
20 44 25
20 45 32
20 46 12
20 47 98
20 48 39
20 49 81
20 50 76
20 51 32
20 52 59
20 53 17
20 54 70
20 55 58
20 56 11
20 57 57
20 58 9
20 59 2
20 60 72
20 61 58
20 62 31
20 63 57
20 64 95
20 65 17
20 66 61
20 67 56
20 68 66
20 69 42
20 70 33
20 71 42
20 72 34
20 73 6
20 74 13
20 75 10
20 76 89
20 77 76
20 78 8
20 79 27
20 80 56
20 81 35
20 82 11
20 83 14
20 84 52
20 85 80
20 86 23
20 87 62
20 88 36
20 89 32
20 90 15
20 91 59
20 92 89
20 93 97
20 94 15
20 95 36
20 96 13
20 97 27
20 98 91
20 99 30
21 22 68
21 23 75
21 24 72
21 25 53
21 26 80
21 27 36
21 28 63
21 29 68
21 30 11
21 31 22
21 32 47
21 33 66
21 34 56
21 35 57
21 36 31
21 37 59
21 38 36
21 39 54
21 40 20
21 41 23
21 42 85
21 43 86
21 44 82
21 45 25
21 46 82
21 47 48
21 48 60
21 49 47
21 50 75
21 51 2
21 52 76
21 53 94
21 54 76
21 55 99
21 56 47
21 57 7
21 58 34
21 59 61
21 60 75
21 61 44
21 62 34
21 63 21
21 64 61
21 65 89
21 66 29
21 67 92
21 68 100
21 69 64
21 70 45
21 71 71
21 72 38
21 73 81
21 74 57
21 75 19
21 76 5
21 77 90
21 78 67
21 79 17
21 80 36
21 81 41
21 82 18
21 83 64
21 84 34
21 85 46
21 86 62
21 87 32
21 88 52
21 89 96
21 90 44
21 91 26
21 92 91
21 93 77
21 94 98
21 95 52
21 96 18
21 97 26
21 98 43
21 99 17
22 23 41
22 24 87
22 25 39
22 26 79
22 27 19
22 28 95
22 29 97
22 30 23
22 31 37
22 32 15
22 33 91
22 34 24
22 35 7
22 36 9
22 37 87
22 38 41
22 39 54
22 40 49
22 41 24
22 42 5
22 43 96
22 44 20
22 45 83
22 46 86
22 47 48
22 48 80
22 49 89
22 50 65
22 51 58
22 52 31
22 53 33
22 54 50
22 55 69
22 56 72
22 57 28
22 58 87
22 59 18
22 60 77
22 61 62
22 62 54
22 63 43
22 64 52
22 65 78
22 66 50
22 67 60
22 68 16
22 69 42
22 70 65
22 71 16
22 72 65
22 73 22
22 74 11
22 75 84
22 76 4
22 77 49
22 78 32
22 79 35
22 80 37
22 81 48
22 82 44
22 83 20
22 84 33
22 85 94
22 86 88
22 87 56
22 88 73
22 89 75
22 90 25
22 91 1
22 92 88
22 93 31
22 94 44
22 95 39
22 96 60
22 97 93
22 98 51
22 99 75
23 24 34
23 25 15
23 26 43
23 27 50
23 28 36
23 29 5
23 30 86
23 31 91
23 32 53
23 33 69
23 34 78
23 35 42
23 36 68
23 37 21
23 38 13
23 39 52
23 40 66
23 41 100
23 42 59
23 43 39
23 44 26
23 45 84
23 46 39
23 47 13
23 48 66
23 49 82
23 50 4
23 51 25
23 52 26
23 53 54
23 54 51
23 55 59
23 56 68
23 57 45
23 58 61
23 59 56
23 60 50
23 61 46
23 62 98
23 63 54
23 64 66
23 65 75
23 66 95
23 67 33
23 68 48
23 69 7
23 70 85
23 71 13
23 72 59
23 73 43
23 74 51
23 75 84
23 76 78
23 77 42
23 78 49
23 79 43
23 80 75
23 81 52
23 82 19
23 83 1
23 84 5
23 85 22
23 86 11
23 87 24
23 88 66
23 89 71
23 90 31
23 91 15
23 92 68
23 93 29
23 94 69
23 95 33
23 96 3
23 97 15
23 98 18
23 99 2
24 25 74
24 26 2
24 27 15
24 28 32
24 29 96
24 30 17
24 31 67
24 32 74
24 33 58
24 34 67
24 35 68
24 36 33
24 37 18
24 38 87
24 39 85
24 40 74
24 41 60
24 42 95
24 43 98
24 44 25
24 45 18
24 46 80
24 47 40
24 48 37
24 49 8
24 50 60
24 51 70
24 52 63
24 53 74
24 54 39
24 55 64
24 56 47
24 57 92
24 58 78
24 59 30
24 60 87
24 61 47
24 62 97
24 63 12
24 64 4
24 65 63
24 66 32
24 67 88
24 68 33
24 69 18
24 70 24
24 71 6
24 72 29
24 73 71
24 74 55
24 75 53
24 76 88
24 77 35
24 78 44
24 79 24
24 80 94
24 81 3
24 82 45
24 83 56
24 84 29
24 85 35
24 86 20
24 87 27
24 88 26
24 89 49
24 90 57
24 91 13
24 92 95
24 93 5
24 94 76
24 95 51
24 96 67
24 97 7
24 98 90
24 99 51
25 26 76
25 27 14
25 28 9
25 29 4
25 30 84
25 31 15
25 32 9
25 33 23
25 34 1
25 35 52
25 36 46
25 37 95
25 38 7
25 39 43
25 40 50
25 41 35
25 42 77
25 43 69
25 44 61
25 45 3
25 46 70
25 47 17
25 48 67
25 49 64
25 50 73
25 51 94
25 52 14
25 53 92
25 54 1
25 55 4
25 56 42
25 57 76
25 58 17
25 59 50
25 60 32
25 61 52
25 62 17
25 63 40
25 64 74
25 65 17
25 66 91
25 67 71
25 68 11
25 69 97
25 70 65
25 71 13
25 72 83
25 73 94
25 74 33
25 75 96
25 76 48
25 77 2
25 78 64
25 79 14
25 80 66
25 81 37
25 82 7
25 83 79
25 84 28
25 85 59
25 86 34
25 87 69
25 88 35
25 89 2
25 90 71
25 91 66
25 92 53
25 93 87
25 94 5
25 95 78
25 96 55
25 97 47
25 98 49
25 99 18
26 27 96
26 28 65
26 29 30
26 30 78
26 31 58
26 32 62
26 33 73
26 34 5
26 35 16
26 36 37
26 37 70
26 38 81
26 39 73
26 40 29
26 41 11
26 42 100
26 43 87
26 44 97
26 45 20
26 46 73
26 47 98
26 48 42
26 49 38
26 50 3
26 51 80
26 52 94
26 53 80
26 54 35
26 55 93
26 56 80
26 57 52
26 58 88
26 59 45
26 60 33
26 61 17
26 62 2
26 63 46
26 64 90
26 65 7
26 66 61
26 67 78
26 68 28
26 69 93
26 70 2
26 71 56
26 72 56
26 73 53
26 74 43
26 75 52
26 76 24
26 77 67
26 78 49
26 79 66
26 80 5
26 81 51
26 82 45
26 83 50
26 84 83
26 85 31
26 86 42
26 87 62
26 88 34
26 89 81
26 90 6
26 91 66
26 92 98
26 93 60
26 94 12
26 95 39
26 96 18
26 97 24
26 98 68
26 99 45
27 28 17
27 29 69
27 30 1
27 31 72
27 32 73
27 33 95
27 34 75
27 35 96
27 36 61
27 37 23
27 38 13
27 39 17
27 40 26
27 41 58
27 42 19
27 43 60
27 44 40
27 45 60
27 46 21
27 47 74
27 48 93
27 49 79
27 50 91
27 51 90
27 52 38
27 53 54
27 54 28
27 55 55
27 56 78
27 57 95
27 58 99
27 59 46
27 60 15
27 61 51
27 62 69
27 63 87
27 64 45
27 65 43
27 66 34
27 67 58
27 68 17
27 69 47
27 70 74
27 71 42
27 72 56
27 73 92
27 74 53
27 75 95
27 76 4
27 77 74
27 78 20
27 79 96
27 80 52
27 81 11
27 82 37
27 83 41
27 84 16
27 85 64
27 86 95
27 87 93
27 88 10
27 89 93
27 90 38
27 91 76
27 92 96
27 93 6
27 94 14
27 95 92
27 96 100
27 97 47
27 98 49
27 99 17
28 29 45
28 30 75
28 31 10
28 32 100
28 33 18
28 34 63
28 35 47
28 36 21
28 37 36
28 38 18
28 39 68
28 40 39
28 41 80
28 42 4
28 43 79
28 44 96
28 45 19
28 46 73
28 47 40
28 48 80
28 49 17
28 50 30
28 51 7
28 52 64
28 53 35
28 54 20
28 55 56
28 56 87
28 57 19
28 58 4
28 59 3
28 60 63
28 61 78
28 62 12
28 63 15
28 64 96
28 65 74
28 66 13
28 67 68
28 68 61
28 69 30
28 70 88
28 71 99
28 72 62
28 73 91
28 74 29
28 75 57
28 76 62
28 77 53
28 78 96
28 79 93
28 80 22
28 81 25
28 82 100
28 83 85
28 84 12
28 85 19
28 86 40
28 87 98
28 88 37
28 89 96
28 90 52
28 91 100
28 92 25
28 93 63
28 94 66
28 95 20
28 96 89
28 97 78
28 98 40
28 99 49
29 30 7
29 31 27
29 32 100
29 33 68
29 34 69
29 35 28
29 36 76
29 37 82
29 38 33
29 39 24
29 40 75
29 41 54
29 42 100
29 43 74
29 44 38
29 45 63
29 46 44
29 47 30
29 48 12
29 49 81
29 50 77
29 51 63
29 52 32
29 53 1
29 54 26
29 55 97
29 56 73
29 57 14
29 58 26
29 59 12
29 60 14
29 61 84
29 62 90
29 63 13
29 64 4
29 65 10
29 66 93
29 67 79
29 68 92
29 69 25
29 70 54
29 71 66
29 72 78
29 73 54
29 74 91
29 75 67
29 76 16
29 77 34
29 78 48
29 79 28
29 80 66
29 81 24
29 82 90
29 83 97
29 84 25
29 85 67
29 86 45
29 87 97
29 88 80
29 89 22
29 90 60
29 91 94
29 92 6
29 93 1
29 94 58
29 95 9
29 96 10
29 97 50
29 98 39
29 99 1
30 31 74
30 32 93
30 33 18
30 34 3
30 35 98
30 36 8
30 37 22
30 38 13
30 39 94
30 40 69
30 41 92
30 42 59
30 43 45
30 44 34
30 45 8
30 46 21
30 47 100
30 48 4
30 49 17
30 50 32
30 51 26
30 52 28
30 53 77
30 54 31
30 55 28
30 56 86
30 57 91
30 58 37
30 59 36
30 60 29
30 61 90
30 62 61
30 63 73
30 64 59
30 65 64
30 66 70
30 67 19
30 68 37
30 69 83
30 70 12
30 71 57
30 72 26
30 73 22
30 74 1
30 75 59
30 76 29
30 77 21
30 78 11
30 79 33
30 80 89
30 81 94
30 82 10
30 83 16
30 84 70
30 85 92
30 86 95
30 87 55
30 88 82
30 89 84
30 90 42
30 91 62
30 92 73
30 93 3
30 94 35
30 95 31
30 96 18
30 97 4
30 98 1
30 99 54
31 32 38
31 33 12
31 34 10
31 35 64
31 36 34
31 37 11
31 38 74
31 39 14
31 40 83
31 41 84
31 42 98
31 43 72
31 44 77
31 45 7
31 46 39
31 47 98
31 48 98
31 49 34
31 50 5
31 51 31
31 52 17
31 53 98
31 54 93
31 55 41
31 56 100
31 57 27
31 58 23
31 59 69
31 60 30
31 61 24
31 62 22
31 63 68
31 64 35
31 65 84
31 66 83
31 67 20
31 68 46
31 69 56
31 70 34
31 71 28
31 72 92
31 73 31
31 74 99
31 75 20
31 76 90
31 77 38
31 78 70
31 79 87
31 80 23
31 81 74
31 82 70
31 83 39
31 84 71
31 85 62
31 86 79
31 87 23
31 88 88
31 89 1
31 90 91
31 91 69
31 92 24
31 93 65
31 94 88
31 95 11
31 96 48
31 97 70
31 98 30
31 99 93
32 33 78
32 34 15
32 35 20
32 36 21
32 37 46
32 38 71
32 39 40
32 40 35
32 41 60
32 42 9
32 43 73
32 44 34
32 45 34
32 46 42
32 47 72
32 48 57
32 49 55
32 50 2
32 51 79
32 52 94
32 53 54
32 54 21
32 55 63
32 56 78
32 57 85
32 58 2
32 59 40
32 60 32
32 61 24
32 62 69
32 63 76
32 64 53
32 65 84
32 66 96
32 67 73
32 68 81
32 69 18
32 70 12
32 71 67
32 72 29
32 73 73
32 74 39
32 75 62
32 76 6
32 77 33
32 78 85
32 79 14
32 80 87
32 81 86
32 82 92
32 83 33
32 84 39
32 85 65
32 86 47
32 87 68
32 88 49
32 89 48
32 90 7
32 91 81
32 92 23
32 93 28
32 94 56
32 95 75
32 96 63
32 97 3
32 98 47
32 99 95
33 34 72
33 35 11
33 36 61
33 37 100
33 38 83
33 39 51
33 40 13
33 41 40
33 42 35
33 43 97
33 44 54
33 45 22
33 46 82
33 47 97
33 48 54
33 49 73
33 50 61
33 51 100
33 52 40
33 53 10
33 54 99
33 55 47
33 56 42
33 57 22
33 58 26
33 59 49
33 60 96
33 61 40
33 62 4
33 63 95
33 64 34
33 65 75
33 66 5
33 67 94
33 68 27
33 69 39
33 70 44
33 71 39
33 72 78
33 73 79
33 74 36
33 75 31
33 76 52
33 77 69
33 78 28
33 79 57
33 80 41
33 81 88
33 82 8
33 83 81
33 84 49
33 85 58
33 86 79
33 87 90
33 88 79
33 89 56
33 90 39
33 91 27
33 92 95
33 93 94
33 94 73
33 95 28
33 96 68
33 97 77
33 98 21
33 99 94
34 35 67
34 36 16
34 37 85
34 38 44
34 39 46
34 40 72
34 41 75
34 42 49
34 43 40
34 44 54
34 45 57
34 46 81
34 47 93
34 48 16
34 49 13
34 50 42
34 51 74
34 52 43
34 53 83
34 54 4
34 55 98
34 56 73
34 57 82
34 58 92
34 59 66
34 60 54
34 61 19
34 62 86
34 63 82
34 64 91
34 65 79
34 66 48
34 67 58
34 68 15
34 69 92
34 70 56
34 71 86
34 72 18
34 73 4
34 74 26
34 75 23
34 76 61
34 77 58
34 78 67
34 79 28
34 80 22
34 81 60
34 82 1
34 83 64
34 84 43
34 85 5
34 86 61
34 87 67
34 88 86
34 89 4
34 90 85
34 91 92
34 92 74
34 93 70
34 94 73
34 95 16
34 96 100
34 97 21
34 98 73
34 99 15
35 36 64
35 37 28
35 38 100
35 39 33
35 40 84
35 41 77
35 42 7
35 43 96
35 44 86
35 45 73
35 46 23
35 47 7
35 48 33
35 49 24
35 50 70
35 51 27
35 52 80
35 53 82
35 54 93
35 55 65
35 56 85
35 57 77
35 58 8
35 59 10
35 60 46
35 61 81
35 62 25
35 63 98
35 64 53
35 65 98
35 66 12
35 67 68
35 68 77
35 69 63
35 70 100
35 71 60
35 72 92
35 73 6
35 74 7
35 75 29
35 76 30
35 77 30
35 78 36
35 79 62
35 80 5
35 81 57
35 82 88
35 83 84
35 84 91
35 85 33
35 86 100
35 87 75
35 88 9
35 89 8
35 90 37
35 91 7
35 92 40
35 93 61
35 94 4
35 95 92
35 96 10
35 97 67
35 98 59
35 99 87
36 37 81
36 38 10
36 39 98
36 40 24
36 41 67
36 42 57
36 43 53
36 44 96
36 45 86
36 46 88
36 47 10
36 48 42
36 49 96
36 50 97
36 51 77
36 52 86
36 53 29
36 54 76
36 55 13
36 56 90
36 57 35
36 58 49
36 59 48
36 60 74
36 61 9
36 62 3
36 63 17
36 64 71
36 65 69
36 66 75
36 67 9
36 68 1
36 69 36
36 70 58
36 71 25
36 72 54
36 73 14
36 74 29
36 75 50
36 76 51
36 77 16
36 78 59
36 79 92
36 80 63
36 81 7
36 82 68
36 83 49
36 84 88
36 85 96
36 86 61
36 87 29
36 88 30
36 89 9
36 90 76
36 91 4
36 92 69
36 93 78
36 94 20
36 95 91
36 96 98
36 97 47
36 98 99
36 99 98
37 38 34
37 39 57
37 40 74
37 41 88
37 42 70
37 43 2
37 44 89
37 45 21
37 46 69
37 47 99
37 48 64
37 49 32
37 50 5
37 51 32
37 52 80
37 53 44
37 54 27
37 55 92
37 56 72
37 57 8
37 58 52
37 59 99
37 60 63
37 61 72
37 62 76
37 63 35
37 64 63
37 65 73
37 66 81
37 67 61
37 68 23
37 69 66
37 70 69
37 71 48
37 72 53
37 73 39
37 74 2
37 75 41
37 76 11
37 77 70
37 78 39
37 79 74
37 80 53
37 81 96
37 82 57
37 83 84
37 84 91
37 85 35
37 86 75
37 87 63
37 88 43
37 89 26
37 90 13
37 91 5
37 92 98
37 93 89
37 94 39
37 95 12
37 96 13
37 97 71
37 98 72
37 99 87
38 39 37
38 40 93
38 41 35
38 42 89
38 43 83
38 44 88
38 45 82
38 46 93
38 47 57
38 48 72
38 49 18
38 50 10
38 51 67
38 52 75
38 53 45
38 54 10
38 55 9
38 56 20
38 57 24
38 58 3
38 59 45
38 60 36
38 61 8
38 62 94
38 63 24
38 64 46
38 65 5
38 66 89
38 67 69
38 68 29
38 69 75
38 70 5
38 71 21
38 72 61
38 73 45
38 74 3
38 75 48
38 76 26
38 77 47
38 78 57
38 79 50
38 80 16
38 81 18
38 82 68
38 83 90
38 84 62
38 85 77
38 86 51
38 87 81
38 88 100
38 89 5
38 90 78
38 91 36
38 92 12
38 93 23
38 94 11
38 95 10
38 96 80
38 97 99
38 98 78
38 99 8
39 40 26
39 41 34
39 42 80
39 43 38
39 44 78
39 45 34
39 46 38
39 47 56
39 48 80
39 49 46
39 50 5
39 51 47
39 52 63
39 53 72
39 54 37
39 55 24
39 56 1
39 57 39
39 58 57
39 59 100
39 60 43
39 61 86
39 62 87
39 63 7
39 64 60
39 65 98
39 66 16
39 67 39
39 68 48
39 69 45
39 70 98
39 71 25
39 72 78
39 73 77
39 74 63
39 75 55
39 76 62
39 77 52
39 78 62
39 79 93
39 80 97
39 81 66
39 82 40
39 83 11
39 84 90
39 85 28
39 86 86
39 87 90
39 88 66
39 89 42
39 90 89
39 91 60
39 92 79
39 93 76
39 94 18
39 95 39
39 96 25
39 97 33
39 98 29
39 99 72
40 41 29
40 42 27
40 43 49
40 44 6
40 45 55
40 46 63
40 47 13
40 48 17
40 49 14
40 50 74
40 51 9
40 52 62
40 53 40
40 54 100
40 55 72
40 56 81
40 57 27
40 58 57
40 59 70
40 60 44
40 61 99
40 62 58
40 63 56
40 64 29
40 65 85
40 66 73
40 67 19
40 68 9
40 69 6
40 70 48
40 71 33
40 72 86
40 73 74
40 74 81
40 75 92
40 76 28
40 77 43
40 78 56
40 79 44
40 80 8
40 81 29
40 82 5
40 83 69
40 84 20
40 85 4
40 86 40
40 87 100
40 88 83
40 89 96
40 90 69
40 91 26
40 92 46
40 93 79
40 94 81
40 95 75
40 96 63
40 97 54
40 98 93
40 99 24
41 42 11
41 43 92
41 44 8
41 45 96
41 46 65
41 47 40
41 48 39
41 49 93
41 50 34
41 51 94
41 52 88
41 53 41
41 54 75
41 55 44
41 56 9
41 57 94
41 58 100
41 59 100
41 60 46
41 61 82
41 62 95
41 63 14
41 64 7
41 65 93
41 66 44
41 67 88
41 68 19
41 69 59
41 70 93
41 71 63
41 72 34
41 73 3
41 74 55
41 75 41
41 76 50
41 77 19
41 78 80
41 79 41
41 80 63
41 81 65
41 82 34
41 83 3
41 84 5
41 85 8
41 86 46
41 87 65
41 88 54
41 89 45
41 90 64
41 91 99
41 92 78
41 93 10
41 94 64
41 95 85
41 96 2
41 97 8
41 98 24
41 99 72
42 43 66
42 44 16
42 45 35
42 46 99
42 47 70
42 48 41
42 49 91
42 50 71
42 51 59
42 52 22
42 53 11
42 54 74
42 55 86
42 56 97
42 57 76
42 58 90
42 59 4
42 60 73
42 61 54
42 62 9
42 63 70
42 64 69
42 65 7
42 66 47
42 67 78
42 68 23
42 69 83
42 70 32
42 71 30
42 72 58
42 73 55
42 74 95
42 75 25
42 76 41
42 77 45
42 78 46
42 79 81
42 80 35
42 81 17
42 82 92
42 83 56
42 84 79
42 85 65
42 86 41
42 87 75
42 88 92
42 89 82
42 90 31
42 91 16
42 92 87
42 93 39
42 94 37
42 95 55
42 96 98
42 97 36
42 98 84
42 99 20
43 44 18
43 45 67
43 46 49
43 47 76
43 48 22
43 49 95
43 50 100
43 51 62
43 52 91
43 53 46
43 54 43
43 55 25
43 56 14
43 57 86
43 58 32
43 59 92
43 60 50
43 61 24
43 62 67
43 63 93
43 64 5
43 65 97
43 66 60
43 67 91
43 68 87
43 69 97
43 70 97
43 71 84
43 72 32
43 73 80
43 74 3
43 75 49
43 76 99
43 77 3
43 78 76
43 79 20
43 80 49
43 81 28
43 82 33
43 83 39
43 84 25
43 85 27
43 86 15
43 87 90
43 88 12
43 89 98
43 90 81
43 91 13
43 92 21
43 93 99
43 94 57
43 95 25
43 96 95
43 97 17
43 98 67
43 99 34
44 45 13
44 46 15
44 47 17
44 48 44
44 49 47
44 50 72
44 51 44
44 52 45
44 53 26
44 54 72
44 55 16
44 56 75
44 57 51
44 58 100
44 59 65
44 60 75
44 61 27
44 62 80
44 63 64
44 64 90
44 65 29
44 66 96
44 67 55
44 68 50
44 69 95
44 70 11
44 71 26
44 72 41
44 73 27
44 74 93
44 75 74
44 76 91
44 77 7
44 78 91
44 79 86
44 80 5
44 81 14
44 82 82
44 83 49
44 84 39
44 85 5
44 86 64
44 87 65
44 88 55
44 89 64
44 90 30
44 91 29
44 92 42
44 93 61
44 94 44
44 95 31
44 96 89
44 97 39
44 98 85
44 99 38
45 46 85
45 47 48
45 48 16
45 49 26
45 50 26
45 51 8
45 52 51
45 53 69
45 54 66
45 55 93
45 56 54
45 57 71
45 58 6
45 59 87
45 60 71
45 61 97
45 62 91
45 63 87
45 64 61
45 65 45
45 66 50
45 67 90
45 68 25
45 69 43
45 70 2
45 71 20
45 72 25
45 73 91
45 74 11
45 75 10
45 76 80
45 77 95
45 78 9
45 79 95
45 80 72
45 81 34
45 82 54
45 83 23
45 84 2
45 85 72
45 86 15
45 87 8
45 88 94
45 89 21
45 90 94
45 91 16
45 92 17
45 93 85
45 94 2
45 95 29
45 96 81
45 97 3
45 98 19
45 99 6
46 47 45
46 48 72
46 49 77
46 50 70
46 51 62
46 52 87
46 53 31
46 54 94
46 55 82
46 56 39
46 57 40
46 58 53
46 59 24
46 60 46
46 61 75
46 62 26
46 63 17
46 64 90
46 65 85
46 66 62
46 67 62
46 68 78
46 69 77
46 70 30
46 71 14
46 72 79
46 73 58
46 74 47
46 75 81
46 76 28
46 77 4
46 78 26
46 79 100
46 80 80
46 81 47
46 82 13
46 83 67
46 84 77
46 85 58
46 86 48
46 87 15
46 88 98
46 89 52
46 90 90
46 91 43
46 92 79
46 93 15
46 94 11
46 95 20
46 96 51
46 97 72
46 98 81
46 99 29
47 48 100
47 49 62
47 50 94
47 51 78
47 52 19
47 53 40
47 54 11
47 55 47
47 56 95
47 57 88
47 58 98
47 59 75
47 60 34
47 61 10
47 62 41
47 63 10
47 64 68
47 65 40
47 66 76
47 67 17
47 68 43
47 69 65
47 70 59
47 71 21
47 72 32
47 73 69
47 74 40
47 75 82
47 76 92
47 77 20
47 78 62
47 79 91
47 80 33
47 81 8
47 82 21
47 83 52
47 84 47
47 85 31
47 86 50
47 87 42
47 88 18
47 89 99
47 90 68
47 91 51
47 92 60
47 93 60
47 94 12
47 95 27
47 96 99
47 97 39
47 98 95
47 99 41
48 49 55
48 50 5
48 51 14
48 52 86
48 53 25
48 54 53
48 55 20
48 56 16
48 57 25
48 58 33
48 59 59
48 60 57
48 61 40
48 62 79
48 63 60
48 64 39
48 65 9
48 66 9
48 67 32
48 68 78
48 69 59
48 70 99
48 71 28
48 72 19
48 73 58
48 74 91
48 75 97
48 76 8
48 77 29
48 78 92
48 79 100
48 80 35
48 81 96
48 82 13
48 83 21
48 84 21
48 85 66
48 86 92
48 87 88
48 88 42
48 89 24
48 90 46
48 91 98
48 92 64
48 93 24
48 94 58
48 95 54
48 96 84
48 97 18
48 98 85
48 99 61
49 50 77
49 51 83
49 52 40
49 53 95
49 54 92
49 55 30
49 56 43
49 57 99
49 58 10
49 59 34
49 60 98
49 61 45
49 62 82
49 63 63
49 64 17
49 65 2
49 66 28
49 67 60
49 68 89
49 69 69
49 70 35
49 71 87
49 72 18
49 73 50
49 74 10
49 75 75
49 76 3
49 77 94
49 78 45
49 79 87
49 80 6
49 81 21
49 82 69
49 83 46
49 84 67
49 85 12
49 86 27
49 87 9
49 88 10
49 89 89
49 90 95
49 91 60
49 92 85
49 93 76
49 94 22
49 95 53
49 96 29
49 97 1
49 98 12
49 99 17
50 51 21
50 52 46
50 53 55
50 54 38
50 55 48
50 56 65
50 57 65
50 58 50
50 59 10
50 60 9
50 61 37
50 62 15
50 63 81
50 64 57
50 65 12
50 66 99
50 67 69
50 68 39
50 69 59
50 70 30
50 71 27
50 72 53
50 73 89
50 74 11
50 75 28
50 76 10
50 77 63
50 78 56
50 79 62
50 80 26
50 81 25
50 82 82
50 83 23
50 84 79
50 85 72
50 86 70
50 87 95
50 88 36
50 89 72
50 90 56
50 91 96
50 92 8
50 93 71
50 94 28
50 95 16
50 96 82
50 97 26
50 98 36
50 99 72
51 52 36
51 53 66
51 54 98
51 55 89
51 56 6
51 57 60
51 58 68
51 59 68
51 60 74
51 61 76
51 62 29
51 63 99
51 64 52
51 65 63
51 66 74
51 67 82
51 68 34
51 69 43
51 70 77
51 71 21
51 72 14
51 73 84
51 74 16
51 75 73
51 76 54
51 77 95
51 78 41
51 79 88
51 80 20
51 81 28
51 82 59
51 83 55
51 84 45
51 85 9
51 86 95
51 87 51
51 88 68
51 89 63
51 90 18
51 91 94
51 92 90
51 93 98
51 94 92
51 95 41
51 96 60
51 97 65
51 98 74
51 99 45
52 53 60
52 54 2
52 55 65
52 56 25
52 57 86
52 58 80
52 59 50
52 60 91
52 61 74
52 62 90
52 63 78
52 64 45
52 65 17
52 66 89
52 67 52
52 68 62
52 69 49
52 70 98
52 71 64
52 72 16
52 73 12
52 74 33
52 75 9
52 76 1
52 77 30
52 78 53
52 79 93
52 80 42
52 81 69
52 82 67
52 83 86
52 84 80
52 85 68
52 86 51
52 87 5
52 88 5
52 89 82
52 90 54
52 91 96
52 92 8
52 93 95
52 94 25
52 95 4
52 96 11
52 97 13
52 98 7
52 99 24
53 54 61
53 55 5
53 56 87
53 57 29
53 58 16
53 59 19
53 60 89
53 61 69
53 62 1
53 63 93
53 64 61
53 65 42
53 66 62
53 67 79
53 68 79
53 69 93
53 70 99
53 71 81
53 72 97
53 73 3
53 74 63
53 75 2
53 76 98
53 77 22
53 78 96
53 79 75
53 80 77
53 81 59
53 82 87
53 83 84
53 84 82
53 85 100
53 86 88
53 87 21
53 88 80
53 89 55
53 90 39
53 91 20
53 92 23
53 93 91
53 94 13
53 95 36
53 96 32
53 97 26
53 98 66
53 99 63
54 55 18
54 56 64
54 57 43
54 58 15
54 59 19
54 60 5
54 61 68
54 62 68
54 63 78
54 64 64
54 65 42
54 66 55
54 67 22
54 68 81
54 69 90
54 70 55
54 71 32
54 72 29
54 73 75
54 74 11
54 75 83
54 76 66
54 77 30
54 78 58
54 79 56
54 80 42
54 81 45
54 82 40
54 83 67
54 84 62
54 85 2
54 86 37
54 87 26
54 88 44
54 89 3
54 90 96
54 91 1
54 92 70
54 93 63
54 94 30
54 95 33
54 96 57
54 97 36
54 98 6
54 99 37
55 56 25
55 57 13
55 58 68
55 59 53
55 60 39
55 61 30
55 62 88
55 63 4
55 64 59
55 65 97
55 66 12
55 67 53
55 68 93
55 69 3
55 70 71
55 71 54
55 72 56
55 73 7
55 74 79
55 75 99
55 76 9
55 77 26
55 78 51
55 79 79
55 80 41
55 81 33
55 82 63
55 83 97
55 84 68
55 85 21
55 86 33
55 87 45
55 88 33
55 89 52
55 90 97
55 91 71
55 92 81
55 93 36
55 94 27
55 95 91
55 96 32
55 97 38
55 98 43
55 99 76
56 57 92
56 58 14
56 59 30
56 60 47
56 61 20
56 62 60
56 63 97
56 64 81
56 65 86
56 66 48
56 67 11
56 68 26
56 69 32
56 70 73
56 71 22
56 72 99
56 73 45
56 74 6
56 75 95
56 76 77
56 77 9
56 78 44
56 79 100
56 80 89
56 81 79
56 82 26
56 83 31
56 84 63
56 85 15
56 86 74
56 87 38
56 88 6
56 89 87
56 90 67
56 91 52
56 92 58
56 93 27
56 94 100
56 95 90
56 96 64
56 97 99
56 98 100
56 99 89
57 58 30
57 59 25
57 60 62
57 61 81
57 62 69
57 63 19
57 64 75
57 65 98
57 66 27
57 67 18
57 68 97
57 69 67
57 70 49
57 71 74
57 72 97
57 73 11
57 74 40
57 75 70
57 76 100
57 77 45
57 78 8
57 79 67
57 80 48
57 81 18
57 82 45
57 83 47
57 84 7
57 85 8
57 86 46
57 87 59
57 88 48
57 89 27
57 90 83
57 91 9
57 92 7
57 93 3
57 94 79
57 95 34
57 96 100
57 97 5
57 98 51
57 99 48
58 59 71
58 60 99
58 61 73
58 62 19
58 63 61
58 64 12
58 65 89
58 66 61
58 67 56
58 68 48
58 69 79
58 70 55
58 71 17
58 72 75
58 73 54
58 74 76
58 75 34
58 76 51
58 77 34
58 78 81
58 79 77
58 80 68
58 81 41
58 82 84
58 83 22
58 84 19
58 85 17
58 86 74
58 87 75
58 88 19
58 89 21
58 90 45
58 91 70
58 92 94
58 93 15
58 94 30
58 95 5
58 96 55
58 97 42
58 98 13
58 99 3
59 60 72
59 61 19
59 62 71
59 63 46
59 64 72
59 65 46
59 66 79
59 67 22
59 68 31
59 69 11
59 70 51
59 71 98
59 72 3
59 73 34
59 74 72
59 75 21
59 76 2
59 77 45
59 78 47
59 79 72
59 80 65
59 81 43
59 82 41
59 83 10
59 84 58
59 85 23
59 86 67
59 87 12
59 88 64
59 89 79
59 90 66
59 91 88
59 92 49
59 93 37
59 94 33
59 95 21
59 96 82
59 97 64
59 98 94
59 99 13
60 61 74
60 62 96
60 63 62
60 64 77
60 65 81
60 66 33
60 67 49
60 68 82
60 69 77
60 70 96
60 71 6
60 72 94
60 73 38
60 74 46
60 75 3
60 76 95
60 77 20
60 78 21
60 79 59
60 80 84
60 81 51
60 82 24
60 83 23
60 84 100
60 85 60
60 86 55
60 87 72
60 88 94
60 89 18
60 90 17
60 91 58
60 92 44
60 93 13
60 94 71
60 95 72
60 96 93
60 97 56
60 98 72
60 99 27
61 62 32
61 63 67
61 64 32
61 65 77
61 66 57
61 67 29
61 68 32
61 69 3
61 70 49
61 71 52
61 72 61
61 73 84
61 74 3
61 75 37
61 76 6
61 77 54
61 78 96
61 79 60
61 80 25
61 81 89
61 82 30
61 83 41
61 84 98
61 85 25
61 86 5
61 87 69
61 88 48
61 89 98
61 90 24
61 91 19
61 92 24
61 93 7
61 94 38
61 95 7
61 96 84
61 97 94
61 98 35
61 99 67
62 63 48
62 64 83
62 65 70
62 66 61
62 67 66
62 68 72
62 69 97
62 70 71
62 71 77
62 72 92
62 73 83
62 74 1
62 75 33
62 76 64
62 77 94
62 78 82
62 79 40
62 80 98
62 81 50
62 82 87
62 83 47
62 84 25
62 85 5
62 86 22
62 87 32
62 88 42
62 89 28
62 90 67
62 91 87
62 92 15
62 93 85
62 94 35
62 95 97
62 96 54
62 97 95
62 98 15
62 99 26
63 64 91
63 65 37
63 66 2
63 67 34
63 68 71
63 69 55
63 70 18
63 71 86
63 72 100
63 73 100
63 74 25
63 75 97
63 76 1
63 77 11
63 78 96
63 79 26
63 80 68
63 81 17
63 82 9
63 83 9
63 84 97
63 85 75
63 86 48
63 87 11
63 88 59
63 89 82
63 90 59
63 91 12
63 92 28
63 93 25
63 94 89
63 95 70
63 96 62
63 97 43
63 98 3
63 99 84
64 65 49
64 66 73
64 67 70
64 68 48
64 69 24
64 70 94
64 71 96
64 72 24
64 73 57
64 74 91
64 75 1
64 76 24
64 77 60
64 78 9
64 79 32
64 80 56
64 81 83
64 82 79
64 83 18
64 84 93
64 85 12
64 86 28
64 87 57
64 88 39
64 89 53
64 90 45
64 91 60
64 92 66
64 93 39
64 94 15
64 95 49
64 96 87
64 97 87
64 98 18
64 99 86
65 66 10
65 67 12
65 68 82
65 69 85
65 70 68
65 71 24
65 72 86
65 73 43
65 74 83
65 75 94
65 76 26
65 77 90
65 78 29
65 79 57
65 80 59
65 81 73
65 82 68
65 83 87
65 84 29
65 85 59
65 86 91
65 87 26
65 88 18
65 89 56
65 90 64
65 91 84
65 92 4
65 93 3
65 94 70
65 95 22
65 96 88
65 97 31
65 98 85
65 99 21
66 67 68
66 68 4
66 69 45
66 70 5
66 71 98
66 72 79
66 73 98
66 74 23
66 75 21
66 76 78
66 77 79
66 78 79
66 79 51
66 80 99
66 81 65
66 82 79
66 83 57
66 84 55
66 85 56
66 86 26
66 87 62
66 88 20
66 89 62
66 90 66
66 91 74
66 92 31
66 93 39
66 94 13
66 95 14
66 96 75
66 97 34
66 98 33
66 99 30
67 68 30
67 69 37
67 70 27
67 71 60
67 72 86
67 73 49
67 74 80
67 75 64
67 76 80
67 77 59
67 78 66
67 79 78
67 80 75
67 81 96
67 82 86
67 83 82
67 84 52
67 85 63
67 86 43
67 87 23
67 88 24
67 89 8
67 90 96
67 91 7
67 92 98
67 93 60
67 94 72
67 95 24
67 96 45
67 97 4
67 98 53
67 99 74
68 69 40
68 70 31
68 71 34
68 72 77
68 73 80
68 74 13
68 75 40
68 76 11
68 77 23
68 78 57
68 79 88
68 80 98
68 81 53
68 82 25
68 83 79
68 84 4
68 85 87
68 86 21
68 87 26
68 88 11
68 89 81
68 90 73
68 91 69
68 92 78
68 93 32
68 94 40
68 95 2
68 96 77
68 97 43
68 98 6
68 99 2
69 70 34
69 71 37
69 72 87
69 73 10
69 74 68
69 75 52
69 76 2
69 77 78
69 78 74
69 79 58
69 80 17
69 81 71
69 82 10
69 83 41
69 84 1
69 85 65
69 86 27
69 87 22
69 88 42
69 89 89
69 90 2
69 91 66
69 92 57
69 93 31
69 94 98
69 95 96
69 96 84
69 97 26
69 98 90
69 99 90
70 71 79
70 72 23
70 73 78
70 74 66
70 75 33
70 76 45
70 77 69
70 78 86
70 79 74
70 80 42
70 81 43
70 82 90
70 83 65
70 84 5
70 85 30
70 86 65
70 87 69
70 88 56
70 89 86
70 90 63
70 91 97
70 92 39
70 93 28
70 94 53
70 95 22
70 96 77
70 97 1
70 98 5
70 99 54
71 72 90
71 73 46
71 74 33
71 75 13
71 76 75
71 77 50
71 78 97
71 79 71
71 80 18
71 81 82
71 82 44
71 83 11
71 84 24
71 85 33
71 86 75
71 87 80
71 88 14
71 89 40
71 90 1
71 91 70
71 92 77
71 93 63
71 94 18
71 95 16
71 96 90
71 97 70
71 98 89
71 99 67
72 73 70
72 74 45
72 75 72
72 76 60
72 77 43
72 78 4
72 79 24
72 80 17
72 81 5
72 82 20
72 83 88
72 84 22
72 85 1
72 86 83
72 87 33
72 88 76
72 89 16
72 90 7
72 91 56
72 92 29
72 93 98
72 94 8
72 95 50
72 96 75
72 97 70
72 98 67
72 99 42
73 74 11
73 75 89
73 76 82
73 77 29
73 78 10
73 79 26
73 80 1
73 81 21
73 82 68
73 83 4
73 84 44
73 85 37
73 86 9
73 87 63
73 88 76
73 89 82
73 90 15
73 91 58
73 92 66
73 93 43
73 94 25
73 95 25
73 96 50
73 97 6
73 98 22
73 99 57
74 75 55
74 76 48
74 77 26
74 78 74
74 79 41
74 80 88
74 81 14
74 82 22
74 83 17
74 84 23
74 85 48
74 86 17
74 87 44
74 88 67
74 89 72
74 90 39
74 91 3
74 92 32
74 93 54
74 94 78
74 95 14
74 96 68
74 97 88
74 98 79
74 99 62
75 76 12
75 77 3
75 78 11
75 79 17
75 80 77
75 81 67
75 82 24
75 83 24
75 84 44
75 85 49
75 86 65
75 87 32
75 88 62
75 89 86
75 90 48
75 91 36
75 92 85
75 93 16
75 94 31
75 95 52
75 96 87
75 97 22
75 98 6
75 99 19
76 77 75
76 78 84
76 79 32
76 80 42
76 81 71
76 82 62
76 83 4
76 84 34
76 85 17
76 86 66
76 87 51
76 88 93
76 89 85
76 90 74
76 91 68
76 92 28
76 93 74
76 94 32
76 95 11
76 96 35
76 97 70
76 98 10
76 99 22
77 78 6
77 79 25
77 80 5
77 81 57
77 82 64
77 83 26
77 84 63
77 85 82
77 86 100
77 87 98
77 88 65
77 89 93
77 90 20
77 91 78
77 92 48
77 93 53
77 94 94
77 95 14
77 96 3
77 97 86
77 98 50
77 99 28
78 79 54
78 80 77
78 81 1
78 82 37
78 83 40
78 84 87
78 85 58
78 86 49
78 87 61
78 88 64
78 89 26
78 90 17
78 91 72
78 92 89
78 93 42
78 94 34
78 95 22
78 96 93
78 97 83
78 98 86
78 99 37
79 80 2
79 81 63
79 82 85
79 83 55
79 84 9
79 85 50
79 86 9
79 87 94
79 88 99
79 89 37
79 90 99
79 91 27
79 92 89
79 93 88
79 94 66
79 95 28
79 96 97
79 97 67
79 98 88
79 99 60
80 81 44
80 82 4
80 83 32
80 84 84
80 85 97
80 86 17
80 87 5
80 88 89
80 89 100
80 90 42
80 91 25
80 92 1
80 93 56
80 94 61
80 95 7
80 96 64
80 97 10
80 98 16
80 99 10
81 82 60
81 83 4
81 84 60
81 85 87
81 86 92
81 87 47
81 88 4
81 89 19
81 90 44
81 91 22
81 92 58
81 93 55
81 94 65
81 95 61
81 96 86
81 97 48
81 98 9
81 99 55
82 83 4
82 84 97
82 85 54
82 86 45
82 87 74
82 88 6
82 89 1
82 90 86
82 91 13
82 92 64
82 93 48
82 94 28
82 95 25
82 96 7
82 97 31
82 98 85
82 99 93
83 84 74
83 85 83
83 86 49
83 87 93
83 88 26
83 89 70
83 90 50
83 91 33
83 92 87
83 93 63
83 94 18
83 95 86
83 96 23
83 97 24
83 98 90
83 99 20
84 85 77
84 86 34
84 87 45
84 88 83
84 89 86
84 90 30
84 91 95
84 92 2
84 93 29
84 94 74
84 95 26
84 96 36
84 97 4
84 98 10
84 99 80
85 86 77
85 87 93
85 88 28
85 89 21
85 90 70
85 91 50
85 92 23
85 93 2
85 94 36
85 95 37
85 96 72
85 97 21
85 98 59
85 99 95
86 87 62
86 88 30
86 89 24
86 90 48
86 91 74
86 92 6
86 93 33
86 94 56
86 95 52
86 96 34
86 97 84
86 98 25
86 99 12
87 88 71
87 89 28
87 90 21
87 91 51
87 92 56
87 93 65
87 94 30
87 95 77
87 96 87
87 97 79
87 98 51
87 99 40
88 89 66
88 90 87
88 91 63
88 92 39
88 93 45
88 94 58
88 95 100
88 96 75
88 97 33
88 98 47
88 99 100
89 90 38
89 91 80
89 92 7
89 93 41
89 94 65
89 95 43
89 96 65
89 97 76
89 98 13
89 99 44
90 91 49
90 92 63
90 93 99
90 94 65
90 95 45
90 96 27
90 97 51
90 98 23
90 99 77
91 92 43
91 93 89
91 94 63
91 95 5
91 96 79
91 97 60
91 98 14
91 99 78
92 93 34
92 94 46
92 95 25
92 96 85
92 97 83
92 98 56
92 99 92
93 94 23
93 95 72
93 96 34
93 97 39
93 98 48
93 99 46
94 95 82
94 96 48
94 97 61
94 98 33
94 99 12
95 96 5
95 97 59
95 98 15
95 99 79
96 97 88
96 98 9
96 99 19
97 98 2
97 99 13
98 99 97
100
80
18
94
66
65
84
29
64
89
68
13
99
47
73
92
56
84
23
15
70
53
13
94
91
49
61
86
25
89
24
18
47
26
86
46
7
42
52
40
90
51
50
93
22
98
32
79
73
56
73
94
68
16
58
89
21
53
17
70
63
78
31
92
14
53
1
13
22
99
66
94
70
59
95
98
53
26
75
15
16
86
8
67
9
69
97
86
72
29
6
57
16
16
81
69
83
60
29
27
3
16
20
47
98
95
58
27
44
55
60
69
80
78
63
83
75
60
3
5
54
49
33
21
48
91
72
98
63
36
74
100
3
2
14
89
54
54
84
60
95
73
56
30
44
94
19
99
98
3
32
14
41
97
64
3
78
15
22
56
77
34
22
68
28
100
32
34
54
86
32
82
65
12
40
54
7
50
38
92
22
62
85
76
7
44
0
55
3
85
21
65
93
52
75
37
1
1
47
87
56
76
24
96
16
40
53
40
49
16
18
94
87
92
29
37
6
89
31
68
30
38
26
17
66
47
7
19
89
89
33
43
35
34
49
3
45
94
84
37
90
25
52
21
74
9
85
2
30
92
40
14
23
13
71
60
94
89
83
77
18
19
79
12
80
53
72
48
49
18
47
26
27
2
99
61
38
16
98
16
28
47
14
98
20
2
72
95
58
92
5
80
48
56
13
51
83
49
73
13
24
40
93
42
76
93
28
63
30
24
20
97
81
11
43
74
85
97
76
92
66
48
60
54
37
51
37
76
48
10
26
30
43
90
91
33
35
90
56
2
75
52
71
99
86
27
0
21
79
18
61
20
15
36
31
24
15
100
67
78
57
27
76
45
48
46
62
95
82
74
20
24
21
51
35
90
20
58
14
49
32
80
17
21
15
57
4
14
5
25
33
40
28
50
34
54
99
56
38
39
77
96
44
20
69
59
74
54
61
73
29
29
91
34
81
100
42
28
28
33
85
85
25
31
32
78
81
47
30
30
50
45
69
27
50
89
27
98
13
5
63
100
31
4
0
53
46
51
76
27
36
62
17
39
9
67
82
18
81
55
46
42
67
26
20
52
91
45
49
60
72
37
35
91
75
60
96
81
7
23
27
2
75
34
17
7
26
6
80
73
41
5
89
1
66
71
4
0
59
90
56
14
3
94
96
77
71
65
10
95
40
48
54
99
78
53
52
89
7
91
67
12
28
89
68
68
47
59
51
45
58
21
5
46
1
58
59
92
51
14
0
19
2
11
94
47
41
42
94
88
10
88
90
68
22
22
47
51
92
27
18
86
22
10
99
93
53
82
80
79
32
58
62
17
12
42
41
96
40
96
68
27
25
18
25
43
94
50
11
81
62
80
57
2
66
79
29
22
44
23
91
4
58
12
81
64
71
82
67
6
12
47
57
26
37
46
25
13
82
70
4
55
32
74
0
5
24
35
45
81
52
25
56
34
44
3
93
5
65
7
9
86
55
30
73
83
53
22
41
98
64
53
71
84
31
30
43
73
100
30
54
78
27
88
46
81
2
44
94
21
74
89
0
57
42
32
99
75
8
3
60
9
97
12
87
14
49
39
69
65
96
79
74
17
41
61
68
92
20
20
72
42
58
24
8
82
34
39
17
56
49
54
75
33
2
91
94
93
71
53
41
57
63
21
39
81
15
46
98
18
29
70
35
82
46
82
38
72
24
24
13
3
80
46
53
57
29
78
17
73
91
71
88
44
75
32
38
40
68
59
48
98
42
13
28
57
12
94
79
14
61
44
1
25
81
28
59
97
28
24
40
86
45
27
29
5
50
15
64
97
47
42
90
30
28
4
66
84
38
90
59
95
4
71
100
0
8
69
47
31
38
45
68
65
37
84
21
57
69
50
40
40
60
74
95
57
15
17
70
33
88
93
20
23
9
24
88
51
55
60
33
20
42
86
73
72
73
88
3
13
80
63
41
80
48
35
18
38
83
9
18
96
0
99
36
27
92
21
14
64
71
23
89
74
6
12
20
68
4
3
33
70
28
94
8
20
4
68
30
31
93
74
81
84
22
53
28
8
51
70
79
16
26
87
65
34
92
61
65
19
40
25
94
66
35
64
33
12
33
43
16
81
94
32
38
66
61
68
97
50
11
91
59
28
12
44
14
40
53
96
56
31
28
32
74
20
44
21
77
59
2
23
24
52
66
85
60
21
93
80
93
46
97
51
66
74
0
70
78
1
86
12
37
86
54
56
82
97
92
6
72
51
0
57
19
70
97
46
60
11
35
83
81
16
62
75
47
44
92
74
5
75
20
4
6
88
83
44
47
26
1
83
92
56
16
29
94
22
16
12
57
23
91
18
24
11
96
61
77
3
53
19
48
44
1
32
90
61
36
15
24
54
20
2
56
48
9
90
36
17
87
39
29
6
90
46
22
77
52
63
43
83
31
69
84
7
97
49
76
29
88
87
0
26
82
61
77
77
83
98
86
53
37
76
81
16
13
96
15
28
20
100
88
96
49
6
35
16
36
47
30
55
14
10
2
66
67
96
81
36
29
19
13
49
71
6
9
80
60
82
23
78
59
18
47
49
70
90
79
3
64
42
57
13
2
74
1
68
91
73
85
7
5
68
91
40
68
1
62
68
95
42
24
75
16
91
51
83
29
60
4
49
82
50
17
26
75
9
37
65
22
5
7
82
91
34
6
53
64
13
98
13
9
63
36
78
15
3
90
35
17
6
24
61
55
97
28
93
62
21
8
79
54
97
6
91
90
29
85
82
99
99
90
27
49
77
79
40
53
81
1
43
27
46
52
12
1
88
87
71
88
12
53
86
9
27
38
38
56
50
35
72
39
31
17
12
15
64
41
33
71
56
46
77
6
14
91
88
53
76
35
15
87
97
24
34
15
53
98
74
69
49
4
8
46
3
34
23
61
98
50
70
41
15
20
46
48
8
2
88
7
43
46
17
17
46
63
22
82
2
29
81
5
1
19
50
49
11
10
89
12
24
32
5
11
99
14
20
43
57
0
45
10
77
7
49
96
46
50
4
26
50
16
17
33
46
12
41
82
52
84
20
98
47
43
51
62
35
27
39
19
46
96
2
57
3
63
28
6
19
77
90
75
53
23
44
21
49
94
64
55
35
41
53
57
7
60
19
50
37
21
1
74
99
5
36
23
99
52
56
59
29
26
86
40
36
89
57
26
39
77
85
71
25
79
72
31
55
51
76
35
14
67
19
33
31
42
49
1
5
95
1
12
31
39
24
48
73
24
63
89
45
4
83
54
52
99
46
25
34
99
24
94
27
74
1
22
28
60
9
45
15
62
49
19
48
92
91
17
89
24
17
7
79
70
23
16
52
15
51
22
70
96
68
67
78
33
50
49
57
57
25
99
7
88
17
62
47
88
20
64
30
14
20
48
50
36
5
44
89
100
45
2
56
2
44
50
67
18
44
6
39
2
32
37
28
32
17
51
14
84
77
49
47
28
45
79
14
0
55
68
24
79
68
62
100
11
46
66
34
76
77
80
43
15
57
0
99
19
90
72
53
39
6
35
59
92
99
30
15
58
53
37
38
74
76
41
34
65
89
82
47
65
43
94
20
4
22
42
88
92
97
85
60
48
95
78
0
34
72
86
15
61
13
0
26
80
7
58
69
63
92
76
69
23
89
57
95
84
96
3
98
46
97
75
97
42
28
70
65
66
18
78
66
17
2
61
94
32
21
42
16
81
65
28
76
35
79
19
16
41
40
99
79
15
71
16
5
9
66
87
15
67
52
77
49
85
44
79
96
48
98
71
77
78
16
58
0
27
6
50
96
22
69
71
17
53
33
26
97
83
82
57
52
19
12
61
3
87
68
98
68
40
56
19
97
97
18
90
42
31
80
96
21
98
93
89
88
53
33
28
1
92
12
22
32
78
15
21
91
3
43
44
72
46
63
8
25
52
29
37
97
92
80
33
84
62
9
59
38
82
68
78
65
25
50
35
52
32
75
60
90
12
53
86
52
80
16
24
32
9
6
72
22
31
37
90
75
49
46
82
28
85
7
58
87
32
69
70
54
65
23
11
28
55
48
71
27
73
40
22
75
67
61
83
30
46
59
68
92
7
61
28
35
97
23
19
57
27
69
40
31
34
46
71
26
49
18
45
36
26
31
44
1
29
37
19
88
98
99
52
71
47
98
15
7
95
79
1
38
29
23
67
100
27
29
68
34
35
98
1
18
1
34
54
72
5
15
74
77
70
91
69
85
9
9
76
41
62
11
26
49
57
78
49
89
91
25
68
71
20
26
70
98
4
39
74
57
19
11
20
54
48
57
37
59
49
18
57
81
44
2
5
19
19
52
1
95
26
29
55
3
84
86
12
56
2
81
47
5
48
4
48
60
86
15
10
96
51
24
94
57
52
7
64
15
85
55
88
49
57
6
79
87
69
29
8
12
54
1
9
40
47
1
28
44
98
80
0
1
62
31
98
2
54
22
89
61
62
24
26
50
93
74
30
74
51
15
42
74
47
1
59
54
19
79
64
40
17
42
100
26
87
23
57
62
72
49
94
67
8
100
25
9
60
73
38
50
4
47
70
43
71
28
1
2
94
82
71
19
21
53
63
3
60
29
46
3
67
85
97
40
61
47
76
40
95
5
12
88
10
5
94
37
21
94
62
17
87
36
53
98
18
0
57
43
90
71
49
78
76
28
34
10
4
27
27
4
67
3
52
35
36
90
10
5
13
73
20
14
31
70
67
1
17
1
66
2
59
76
27
68
36
31
94
43
56
33
25
22
30
8
71
3
66
62
98
25
86
9
84
4
62
51
94
17
50
95
68
85
42
80
11
9
64
42
100
96
44
27
46
45
12
34
55
87
64
76
95
26
79
12
76
17
24
5
57
32
41
70
91
5
86
43
78
66
24
3
55
33
75
37
83
42
96
86
21
53
99
85
46
96
79
75
26
26
43
81
9
20
69
91
63
87
37
48
4
6
54
6
79
40
98
86
83
15
80
20
86
37
19
79
3
60
70
76
30
74
37
8
67
27
6
26
53
31
56
55
75
92
2
22
89
22
82
35
89
13
70
83
3
25
24
83
71
41
1
37
76
87
90
82
61
80
23
65
44
88
34
52
94
4
83
64
85
12
71
89
71
87
50
96
75
25
26
53
76
70
65
50
85
9
93
10
98
48
71
93
67
13
27
90
91
56
66
59
68
8
92
42
10
0
19
18
53
11
78
2
45
13
5
69
27
6
71
8
26
36
18
96
49
37
32
26
74
18
96
93
99
50
52
49
43
14
3
19
71
13
57
77
2
88
15
8
80
87
10
26
84
67
26
26
78
89
39
60
69
32
14
42
8
75
61
1
98
18
65
94
60
14
25
45
57
90
99
58
73
60
100
13
97
10
13
74
10
61
7
55
28
13
59
60
14
76
56
17
33
67
98
86
35
45
2
34
30
85
92
52
46
40
0
40
37
91
54
76
18
94
61
98
57
77
51
59
1
95
52
38
72
89
51
99
93
64
93
93
77
66
56
33
26
20
37
41
51
89
67
62
99
99
14
97
21
0
51
92
62
4
3
60
70
84
29
42
33
11
98
84
3
60
96
28
88
53
5
25
95
100
94
42
81
79
51
83
69
9
77
73
57
26
95
32
51
81
66
61
99
38
83
86
61
82
74
98
4
39
50
100
30
47
90
85
95
15
92
3
74
10
5
26
74
45
77
39
68
56
40
83
2
35
76
95
41
64
43
4
19
75
95
97
28
33
30
22
44
43
97
31
69
41
48
80
75
96
68
67
94
88
39
35
93
5
20
93
29
95
17
38
74
82
69
31
77
18
33
17
53
86
46
38
0
35
44
7
19
18
6
81
41
65
69
82
87
28
13
40
87
85
36
94
73
95
33
13
39
93
51
62
39
14
84
75
26
4
29
21
37
97
69
70
11
29
70
18
61
77
18
75
44
16
17
24
18
23
41
1
35
77
11
19
36
75
15
8
86
73
27
63
82
31
5
62
45
12
88
7
11
50
24
61
55
7
18
85
64
51
31
43
65
9
89
25
12
98
58
80
11
79
27
91
36
39
58
93
10
5
27
10
26
73
79
54
64
53
29
56
6
94
100
5
16
87
44
40
95
40
54
86
62
64
25
47
30
72
75
46
26
67
14
22
64
71
51
29
64
25
22
27
78
97
51
35
79
42
32
60
36
95
55
30
93
50
18
27
83
75
28
57
63
61
37
37
59
95
4
100
54
41
74
50
40
53
2
57
71
22
75
39
80
28
39
29
24
43
83
24
0
65
73
12
7
80
53
2
37
3
26
16
40
37
54
0
36
66
1
79
74
38
84
94
82
41
24
86
58
6
50
85
66
21
60
90
13
33
96
34
81
94
66
44
11
100
37
58
29
47
7
99
25
18
48
20
14
89
62
7
81
18
43
87
38
83
25
17
48
20
85
95
79
3
1
89
20
38
40
43
5
54
79
26
73
1
16
57
43
49
32
16
85
37
54
6
26
66
18
100
36
17
58
76
25
43
46
63
1
14
23
40
13
22
22
32
79
9
2
75
19
6
54
82
46
76
50
50
26
91
73
11
100
25
19
61
69
51
52
62
67
94
99
30
55
88
60
58
47
97
53
31
2
88
68
9
90
24
90
51
13
19
33
10
27
16
21
0
91
19
86
26
19
66
43
75
67
6
69
6
47
0
18
50
22
79
44
86
99
76
24
82
76
58
70
82
9
29
87
18
64
35
72
87
97
39
60
87
48
21
91
35
8
26
67
97
21
17
80
5
98
63
12
61
45
93
30
83
24
31
33
62
21
29
98
69
61
2
63
93
87
54
33
63
51
94
89
78
27
0
32
66
83
57
61
99
54
61
30
61
35
87
27
85
94
69
91
54
94
42
36
16
21
45
97
6
52
91
32
17
73
67
84
9
59
34
55
60
78
72
55
30
85
67
73
0
76
17
61
19
52
42
4
92
46
57
63
40
39
25
81
39
80
75
14
0
71
47
100
100
63
35
57
87
71
44
45
77
39
90
33
26
23
26
43
87
77
41
4
92
55
5
97
65
71
17
93
50
24
84
25
36
32
96
91
83
41
38
55
33
73
29
11
72
10
63
65
37
47
79
66
76
50
40
0
61
16
64
23
11
92
9
18
13
0
97
42
99
45
93
59
20
35
26
14
38
63
90
24
29
30
29
26
63
0
29
75
67
26
81
91
33
23
69
76
93
46
37
97
23
98
49
4
32
13
10
26
5
68
80
66
56
35
62
43
75
24
34
64
49
53
99
66
33
6
63
6
59
15
34
11
95
17
17
15
44
44
20
91
66
60
11
25
56
100
1
83
18
76
72
72
72
38
92
18
64
80
39
91
87
75
3
80
98
4
65
38
88
83
84
95
100
96
71
39
46
24
76
86
98
6
6
11
63
68
50
29
90
93
22
60
49
2
42
91
47
36
36
7
52
58
64
8
0
29
30
100
87
74
16
88
33
75
34
63
90
96
3
93
3
88
35
27
56
97
36
31
1
64
5
95
80
95
34
13
88
5
70
60
63
79
71
98
1
57
57
94
85
41
77
7
36
36
9
60
33
40
29
52
94
50
86
68
66
90
67
41
61
34
73
3
27
31
0
68
82
55
59
98
56
39
74
22
48
17
79
26
82
35
56
59
19
19
35
23
31
51
4
21
3
91
63
71
1
68
53
7
7
36
21
14
60
7
38
21
27
19
6
51
13
95
17
46
12
46
26
75
79
71
56
86
9
67
55
80
33
20
37
94
40
76
83
35
93
17
27
35
43
4
99
91
45
69
40
75
25
72
30
24
84
64
85
84
95
51
23
6
67
48
56
95
55
9
88
7
25
63
10
77
12
39
29
29
90
22
47
69
67
98
50
16
57
69
89
50
15
71
58
76
67
48
67
68
40
64
85
46
5
69
96
56
88
63
83
75
69
1
35
50
95
66
51
68
60
56
89
86
78
43
17
18
92
31
3
25
41
60
46
11
58
92
52
30
37
19
49
64
54
57
73
20
59
54
98
5
34
27
57
5
36
83
3
74
64
7
29
87
22
56
11
65
55
33
50
75
11
63
59
55
21
97
69
78
26
59
9
18
80
15
78
17
23
35
55
81
53
11
81
78
29
64
96
85
71
14
68
45
38
8
8
43
51
20
13
51
14
40
3
96
19
45
46
18
91
17
16
26
30
100
72
24
37
4
40
3
24
55
90
74
32
5
33
5
90
38
58
66
46
33
53
11
62
78
46
30
41
14
67
5
6
39
34
41
21
55
36
97
99
23
30
79
26
48
37
9
8
27
12
90
28
73
62
96
98
66
66
48
89
22
47
43
6
61
26
41
32
86
59
38
71
36
83
7
25
18
16
24
72
100
75
69
64
30
39
18
18
29
57
69
32
60
68
26
89
85
39
90
36
2
77
4
94
84
100
64
88
77
12
82
79
29
48
23
24
44
47
91
85
85
76
80
32
37
0
62
34
43
13
84
46
7
12
71
54
85
27
40
68
89
9
27
93
34
81
9
23
70
71
98
97
64
93
12
74
73
66
38
96
12
85
27
30
34
53
45
50
49
14
98
68
43
41
20
57
11
72
75
14
11
5
60
7
26
67
98
63
31
86
26
64
100
92
100
62
39
12
85
88
0
10
75
0
80
69
31
16
25
96
85
44
68
39
30
17
43
48
44
35
59
92
24
9
4
48
95
76
48
93
9
92
59
67
56
96
14
69
40
26
20
16
3
16
78
7
38
92
4
1
25
10
12
32
53
95
11
12
40
79
89
82
19
77
20
29
64
21
26
47
72
85
28
5
15
77
32
38
26
49
54
6
58
70
36
19
55
100
89
95
11
5
76
22
67
3
23
67
23
97
73
64
76
22
42
99
82
88
3
75
9
60
71
16
78
53
99
93
72
65
51
10
82
13
90
13
25
67
95
69
6
95
22
55
95
69
95
5
50
21
6
5
30
89
60
27
58
7
61
60
2
64
53
57
61
15
43
37
38
17
4
18
28
75
53
15
97
32
11
14
50
98
15
41
43
4
75
67
27
85
22
77
66
84
19
5
0
67
79
92
0
88
1
25
72
78
86
95
92
44
89
71
84
5
0
72
1
84
52
76
46
86
61
50
97
80
93
68
37
78
54
33
82
60
37
34
63
48
32
27
71
39
27
34
49
86
89
24
45
56
20
79
12
2
8
9
16
82
75
12
45
35
69
95
64
34
39
78
38
36
75
10
87
38
48
78
49
69
39
14
35
30
90
0
70
13
37
29
58
30
27
12
11
27
56
68
21
92
26
60
29
69
71
73
4
69
6
46
85
98
6
78
36
47
29
89
56
66
41
37
74
85
68
66
26
0
25
10
33
5
67
59
93
46
58
77
4
37
0
31
79
12
26
74
22
22
85
57
72
93
71
33
11
24
4
3
77
72
8
60
97
77
34
41
53
78
100
22
94
49
83
24
93
34
26
83
89
74
98
82
39
3
8
93
89
97
63
95
65
19
11
98
0
5
11
18
92
88
5
99
86
7
84
32
92
13
79
4
66
84
47
71
59
11
29
19
3
81
92
28
68
16
56
3
83
71
6
63
51
52
70
0
40
83
30
79
47
43
11
75
23
29
48
95
45
91
30
24
72
2
23
88
11
51
84
59
75
92
0
13
72
15
100
2
2
71
55
3
58
55
35
59
69
39
17
49
49
76
2
34
79
48
24
99
39
55
24
19
90
2
44
45
4
67
89
11
1
8
36
61
49
85
83
68
37
29
86
23
49
73
44
84
17
64
62
45
7
12
0
74
45
99
4
44
85
91
55
44
38
24
61
29
80
54
41
82
62
94
2
87
36
74
93
33
98
64
25
57
43
25
79
44
73
17
17
2
94
43
0
47
11
91
70
8
22
15
73
70
39
37
19
48
21
93
55
92
26
71
91
61
93
29
69
36
77
48
65
18
66
87
46
3
99
39
89
38
99
5
87
10
91
41
8
53
32
31
19
48
49
74
29
25
64
3
8
30
4
22
86
46
26
72
55
70
8
35
41
28
12
26
98
74
17
22
57
44
40
10
11
41
58
82
88
63
7
83
3
61
19
88
94
52
83
28
34
20
0
64
78
24
47
47
74
59
15
50
13
27
22
37
93
46
8
78
2
54
27
33
45
27
13
44
3
3
1
55
76
60
88
34
30
20
29
15
55
57
44
77
95
91
25
11
75
32
48
48
57
51
62
41
27
67
54
97
48
65
44
13
64
0
0
62
67
65
71
27
61
70
17
24
11
17
14
1
66
89
32
95
80
62
56
87
60
88
18
11
88
24
43
80
89
16
59
22
100
66
7
86
15
43
19
2
45
51
50
75
32
22
27
17
83
11
0
78
29
89
85
19
72
11
68
23
12
76
34
44
88
34
14
40
9
57
94
44
85
48
4
25
18
88
64
82
44
94
49
37
30
1
67
78
93
77
24
71
40
80
19
94
38
78
93
92
83
35
2
35
75
74
55
40
63
69
46
21
18
1
39
65
69
15
91
28
63
95
99
72
13
95
32
4
56
51
10
62
70
60
17
79
65
40
0
70
36
15
30
14
28
9
74
26
56
61
70
88
39
45
89
10
34
33
79
24
31
97
57
66
27
77
43
61
85
57
97
19
46
83
31
8
10
72
15
53
3
32
32
11
75
40
48
11
62
77
70
8
66
34
48
51
15
44
94
100
45
95
53
83
7
66
78
34
54
38
11
74
57
61
32
9
5
47
94
58
11
42
32
25
27
52
83
80
47
51
34
82
35
48
64
28
95
68
64
66
84
56
15
12
81
9
16
35
28
52
38
97
78
63
29
20
20
68
90
61
78
21
89
64
96
8
18
15
57
62
32
60
28
6
99
27
44
28
28
22
74
18
19
83
96
50
52
37
26
76
68
75
31
62
50
85
63
16
56
82
7
45
6
60
48
12
99
84
1
23
62
59
16
81
92
37
46
92
19
22
2
43
89
2
20
70
99
8
32
76
24
10
76
17
49
24
30
37
17
68
97
19
55
7
57
29
100
78
46
95
96
83
50
27
80
5
96
63
44
7
49
34
62
80
7
69
75
70
36
73
97
13
79
19
50
53
45
69
32
7
85
3
57
50
73
69
26
64
3
70
47
88
61
71
6
3
85
28
7
20
12
3
9
23
90
27
82
14
78
83
6
96
48
9
69
81
98
87
74
47
95
96
69
42
